942
764
1005
1119
951
828
827
828
832
832
832
832
832
832
832
832
832
832
832
832
832
832
1055
956
1124
746
751
787
1448
1452
960
783
787
1457
1010
1063
1461
791
1466
3662
1470
756
756
756
978
801
1019
1128
987
756
20289
760
796
24545
1475
809
756
760
996
818
823
828
1023
1132
1014
996
818
823
827
1023
1132
1014
996
819
823
828
1023
1132
1014
996
819
823
828
1023
1132
1014
996
819
823
828
1023
1132
1014
996
819
823
828
1023
1132
1014
996
818
823
3475
1023
1132
1014
996
818
823
827
1023
1132
1014
996
818
823
827
1023
1132
1014
996
819
823
828
1023
1133
1014
996
818
823
827
1023
1132
1014
996
818
823
827
1023
1132
1014
996
819
823
828
1023
1133
1014
996
818
823
827
1023
1132
1014
996
819
823
828
1023
1133
1014
996
819
823
828
1023
3781
1014
996
818
823
827
1023
1132
1014
996
819
823
828
1023
1133
1014
996
819
823
828
3671
1133
1014
996
819
823
828
1023
1133
1014
996
818
823
827
1023
1132
1014
996
819
823
828
1023
1133
1014
996
819
823
828
1023
1133
1014
996
819
823
828
1023
1133
1014
996
819
823
3476
1023
1133
1014
996
818
823
827
1023
1132
1014
996
818
823
827
1023
1132
1014
996
819
823
828
1023
1133
1014
996
819
823
828
1023
1133
1014
996
818
823
827
1023
1132
1014
996
818
823
827
1023
1132
1014
996
819
823
828
1023
1133
1014
996
818
823
827
1023
1132
1014
996
818
823
827
1023
1132
1014
996
818
823
827
1023
1132
1014
996
819
823
828
1023
1133
1014
996
819
823
3476
1023
1133
1014
996
819
823
828
1023
1133
1014
996
818
823
827
1023
1132
1014
996
819
823
828
1023
1133
1014
996
818
823
827
1023
1132
1014
996
818
823
827
1023
1132
1014
996
819
823
828
1023
1133
1014
996
819
823
3476
1023
1133
1014
996
819
823
828
3671
1133
1014
996
819
823
828
1023
1133
1014
996
818
823
827
1023
1132
1014
996
819
823
828
1023
1133
1014
996
818
823
827
1023
1132
1014
996
818
823
827
1023
1132
1014
996
819
823
828
1023
1133
1014
996
818
823
827
1023
1132
1014
996
818
823
827
1023
1132
1014
996
818
823
827
1023
1132
1014
996
818
3471
827
1023
1132
1014
996
818
3471
827
1023
1132
1014
996
819
823
828
1023
1133
1014
996
818
823
827
1023
1132
1014
996
818
823
827
1023
1132
1014
996
818
823
827
1023
1132
1014
996
818
823
827
1023
1132
1014
996
818
823
828
1023
1132
1014
996
818
823
827
1023
1132
1014
996
819
823
828
1023
1133
1014
996
818
823
827
1023
1132
1014
996
818
823
827
1023
1132
1014
996
818
823
827
1023
1132
1014
996
819
823
828
1023
1133
1014
996
818
823
827
1023
1132
1014
996
819
823
828
1023
1133
1014
996
819
823
828
1023
1133
1014
996
818
823
827
1023
1132
1014
996
818
823
827
1023
1132
1014
996
818
823
827
1023
1132
1014
996
818
823
827
1023
1132
1014
996
819
823
828
1023
1133
1014
996
818
823
827
1023
1132
1014
996
818
823
827
1023
1132
1014
996
819
3471
828
1023
1133
1014
996
819
823
828
1023
1133
1014
996
818
823
827
1023
1132
1014
996
819
823
828
1023
1133
1014
996
818
823
827
1023
1132
1014
996
818
823
827
1023
1132
1014
996
818
823
827
1023
1132
1014
996
818
823
827
1023
1132
1014
996
818
823
827
1023
1132
1014
996
819
823
828
1023
1133
1014
996
819
823
828
1023
1133
1014
996
819
823
828
1023
1132
1014
996
819
823
828
1023
1132
1014
996
818
823
827
1023
1133
1014
996
818
823
827
1023
1133
1014
996
819
823
828
1023
1133
1014
1005
827
832
836
1023
1132
1023
996
819
823
828
1023
1132
1014
996
819
823
828
1023
1133
1014
996
819
823
828
1023
1132
1014
996
818
823
827
1023
1133
1014
996
818
3471
827
1023
1132
1014
996
818
823
827
1023
3780
1014
996
819
823
828
1023
1133
1014
996
818
823
827
1023
1132
1014
996
818
823
827
1023
1132
1014
755
760
755
760
755
760
756
760
755
760
756
755
760
755
760
823
755
760
827
823
755
760
828
823
755
760
828
823
755
760
827
823
755
760
756
760
755
760
756
760
755
760
836
756
760
1255
755
760
751
751
751
751
756
760
751
751
751
751
756
760
751
837
827
755
760
755
760
756
760
756
760
755
760
755
760
756
760
755
760
755
760
755
760
756
760
756
760
755
760
755
760
756
756
755
760
755
760
755
760
756
760
755
1019
841
845
850
1027
1137
1037
755
760
823
755
760
823
755
760
755
760
755
755
823
755
760
756
760
823
756
760
755
760
823
755
760
755
760
755
760
755
760
756
760
756
760
3403
760
756
760
755
760
823
755
760
755
760
755
760
756
760
756
760
756
823
756
760
1019
841
846
850
1028
1137
1036
823
755
760
755
760
756
760
755
760
823
756
760
756
760
836
756
760
1255
755
3408
751
751
751
751
756
760
751
751
751
751
823
756
760
755
760
755
760
755
760
823
756
760
756
760
751
836
828
755
760
823
755
760
1019
841
846
850
1028
1137
1036
823
755
760
1019
841
846
850
1027
1137
1037
823
827
755
760
1018
841
845
850
1027
1137
1037
823
756
760
756
760
823
755
760
823
755
760
751
85
751
751
823
755
760
823
755
760
755
760
755
755
760
756
756
760
756
760
1018
1019
1019
1018
1018
1019
1018
1018
1018
1019
1018
756
760
756
760
1019
1018
1018
1019
1019
1018
1019
1019
1019
1018
1019
755
760
755
756
755
760
755
760
1019
1018
1018
1019
1019
1018
1019
1019
1019
1018
1018
755
760
1018
1019
1019
1018
1018
1018
1019
1019
1019
1018
1019
755
760
756
760
755
823
756
760
823
756
760
823
755
3408
1018
841
845
850
3675
1137
1037
823
832
755
760
1018
841
845
850
1027
1137
1037
823
1041
863
868
873
1032
1142
1059
1063
886
891
895
1036
1146
1082
841
841
756
760
1018
3492
846
850
1027
1137
1037
823
1041
863
868
872
1032
1142
1059
836
837
756
760
755
760
755
760
755
760
823
755
760
755
760
756
760
756
760
755
760
823
756
760
823
756
760
823
756
760
823
755
760
823
755
760
823
755
760
828
828
823
756
760
828
828
823
755
760
1018
841
845
850
1027
1137
1037
832
823
832
756
760
828
828
828
828
828
828
828
828
823
756
760
828
827
828
827
828
827
828
827
823
755
760
827
827
828
827
827
828
828
827
828
828
823
755
760
828
828
828
828
827
827
827
828
828
827
828
828
827
827
827
4877
828
828
828
828
827
828
828
827
828
827
828
828
828
828
827
827
828
827
827
828
828
828
827
828
827
827
828
828
827
827
828
828
827
828
827
827
828
828
827
827
828
828
828
827
827
827
828
828
827
827
827
827
828
828
823
755
760
827
827
828
828
828
827
827
828
827
828
827
828
828
828
828
828
827
828
828
828
828
827
828
827
827
828
827
827
827
828
827
828
828
827
828
827
827
827
828
828
828
823
755
760
827
827
828
823
756
760
1019
841
846
850
1028
1137
1036
823
755
760
827
827
827
828
827
823
755
760
827
827
828
827
828
828
827
823
755
760
828
823
755
760
1018
841
845
850
1027
1137
1037
823
1041
864
868
873
1032
1142
1059
828
837
827
756
760
823
756
760
1019
841
846
850
1027
1137
1037
832
823
832
755
760
1019
841
846
850
1027
1137
1037
827
823
756
760
1019
841
846
850
1027
1137
1037
823
756
760
1019
841
846
850
1027
1137
1037
823
755
760
1019
841
846
850
1027
1137
1037
823
756
760
1019
841
846
850
1027
1137
1037
823
756
760
1019
841
846
850
1027
1137
1037
823
756
760
756
760
69824
1479
4131
1488
1492
828
823
756
760
1137
755
760
796
1072
837
765
769
828
827
836
765
769
823
756
760
823
756
760
828
823
755
760
1019
841
846
850
1028
1137
1036
832
823
832
756
760
823
756
760
823
756
760
1019
841
846
850
1028
1137
1036
823
755
760
1019
841
846
850
1028
1137
1036
1041
864
877
882
1032
1141
1068
837
837
823
836
837
756
760
1018
841
845
850
1027
1137
1037
832
823
832
755
760
1018
841
845
850
1027
1137
1037
823
1041
863
877
881
1032
1142
1068
755
3408
1018
841
845
850
1027
1137
3685
823
756
760
828
823
756
760
827
823
756
760
827
823
756
760
828
828
823
755
760
1019
841
846
850
1028
1137
1036
832
823
832
756
760
1019
841
846
850
1028
1137
1036
832
832
823
832
832
832
832
832
756
760
1018
841
845
850
1027
1137
1037
832
832
832
823
832
832
755
760
823
755
760
828
823
756
760
1018
841
845
850
1027
1137
1037
832
823
832
755
760
1018
841
845
850
1027
1137
1037
823
832
832
832
3480
832
832
832
832
832
832
832
756
760
1019
841
846
850
1028
1137
1036
832
832
832
823
832
756
760
1018
841
845
850
1027
1137
1037
832
832
832
823
832
832
832
832
832
832
832
832
832
832
832
832
832
832
832
832
832
3480
832
832
832
832
832
832
832
832
832
832
832
832
832
832
832
832
832
832
832
832
832
832
832
832
832
832
832
832
832
832
832
832
832
832
832
832
832
832
832
832
832
832
832
832
832
832
832
832
832
832
832
832
832
832
832
832
832
832
832
832
832
832
832
832
832
832
832
832
832
832
832
832
832
832
832
832
832
832
832
832
756
760
756
760
756
760
755
760
823
756
760
1137
756
760
796
1073
836
764
769
827
827
836
836
836
836
837
823
756
760
1137
756
760
796
1073
836
764
769
827
828
827
828
823
755
760
1137
755
760
796
1072
836
764
769
827
828
1018
841
845
850
1027
1142
1036
832
832
832
3471
859
765
769
859
832
832
832
756
760
755
760
755
760
756
760
755
760
755
760
755
760
755
760
755
760
765
755
760
755
760
765
756
760
755
760
755
760
756
760
823
755
760
756
760
756
760
756
760
755
760
756
760
755
760
756
760
755
760
756
760
755
760
755
760
755
760
755
760
755
760
756
760
756
760
756
760
756
760
755
760
756
760
756
760
755
760
756
760
756
760
755
760
755
760
755
760
756
760
755
760
823
756
760
756
760
755
760
756
760
823
756
760
755
760
756
760
755
760
755
760
756
760
756
760
823
756
760
755
760
755
760
756
760
756
760
756
760
756
760
755
760
756
760
756
760
755
760
755
760
755
760
755
760
755
760
755
760
823
756
760
756
760
755
760
755
760
756
760
764
764
755
760
755
760
756
760
764
764
755
760
756
760
756
760
755
760
756
760
756
760
756
760
756
760
764
755
760
823
755
760
755
760
755
760
755
760
756
760
755
760
756
760
755
760
755
760
755
760
756
760
755
760
756
760
755
760
755
760
755
760
755
760
755
760
755
760
755
760
755
760
823
756
760
756
760
756
760
756
760
756
760
823
755
760
756
760
756
760
764
756
760
755
760
755
760
764
756
760
755
760
823
756
760
755
760
755
760
756
760
755
760
764
755
760
765
756
760
764
755
760
765
765
756
760
764
755
760
764
756
760
764
756
760
765
764
764
756
760
756
760
755
760
756
760
756
760
756
760
764
755
760
764
755
760
756
760
764
756
760
764
764
765
765
765
765
764
764
764
764
765
765
765
764
764
764
764
765
765
765
4814
764
764
764
765
765
765
765
764
764
764
765
755
760
756
760
764
755
760
765
756
760
756
760
756
760
823
756
760
755
760
756
760
756
760
756
760
755
760
756
760
823
756
760
828
823
756
760
828
827
823
755
760
828
823
756
760
1018
841
845
850
1027
1137
1037
832
832
832
823
832
756
760
1019
841
846
850
1028
1137
1036
832
832
832
823
832