21226
1970
1975
1979
1984
1988
1993
1997
2002
2007
2011
2016
2020
2025
2029
2034
2038
2042
2047
2051
2056
2061
2065
2070
2074
2078
2083
2087
2092
2096
2101
2105
2110
2115
2119
2124
2128
2132
2137
2141
2146
2150
2155
2159
2164
2168
2173
2178
2182
2187
2191
6245
2200
2205
2209
10744
2218
2222
2227
2232
2236
6290
6294
4958
2254
2258
2263
13649
2272
2276
11015
2286
2290
2294
2299
2304
2308
2312
2317
2321
2326
2331
2339
9620
1971
1975
1979
1984
11204
2272
2276
13460
2286
2290
2294
2299
4952
2308
2313
2317
2321
2326
2331
2340
1973
1971
11204
2272
2276
10812
2286
2290
2294
2299
2304
2308
2313
2317
2321
2326
2330
2339
1972
1970
11204
2272
2276
13460
2286
2290
2294
2299
2304
2308
2312
2317
2322
2326
2331
2339
1972
1970
1975
11204
2272
2276
10812
2286
2290
2294
2299
2304
2308
2312
2317
2322
2326
2331
2340
4621
1971
13852
2272
2276
10812
2286
4938
2294
2299
2304
2308
2312
2317
2322
2326
2330
2340
1972
1971
1975
1980
1984
1989
1993
1997
2002
2007
2011
2016
2020
2025
2029
2033
2038
2043
2047
2051
2056
4769
2065
4718
2074
10713
1984
10723
1993
1998
2002
2006
2011
2016
2020
2024
2029
2034
2038
2042
11001
2272
2277
13258
2286
2290
2294
2299
2304
2308
2312
2317
2321
2326
2331
2340
1972
13649
2272
2277
10610
2286
2290
2294
2299
2304
2308
2312
2317
2321
2326
2331
2340
1973
1970
11001
2272
2277
10610
2286
2290
2294
2299
2304
2308
2313
2317
2322
2326
2330
2339
1972
1971
13650
2272
2276
10609
2285
2290
2295
2299
2303
2308
2312
2317
2322
2326
2331
2340
1973
4619
1975
1980
1984
1989
1993
1998
2002
2006
2011
2016
2020
2024
2029
2034
2038
5562
2047
2051
2056
2060
11001
2272
2277
10610
4934
2290
2294
2299
2304
2308
2312
2317
2322
2326
2330
2339
1973
1970
11001
2272
2277
10610
2286
2290
2294
4947
2304
2308
2313
2317
4969
2326
2330
2339
1972
1970
1975
1979
11002
2272
4924
10609
2285
2290
2295
2299
2303
2308
2312
2317
2321
2326
2330
4987
1972
1970
1975
11059
2331
11073
1973
1971
1975
1979
1984
1989
1993
1997
2002
2007
2011
2015
11001
2272
2277
10610
2286
2290
4942
2299
2304
2308
2313
2317
2322
2326
2330
2340
1973
1971
1975
1979
1984
11002
2272
2276
10609
2285
2290
2295
2299
2303
2308
4960
2317
2322
2326
2331
2339
1973
1971
1975
1979
1984
4636
11002
2272
2276
10609
2285
2290
2295
2299
2303
2308
4960
2317
2321
2326
2331
2340
1973
1970
11001
2272
2277
10610
2286
2290
2294
2299
2303
2308
2312
2317
2322
2326
2330
4987
1972
1971
13650
2272
2276
10609
2285
2290
2295
2299
2304
2308
2312
2317
2321
2326
2331
2340
1972
11253
2322
2326
10659
2340
1973
1971
1975
1979
1984
4636
1993
11002
2272
2276
10609
2285
2290
2295
2299
2304
2308
2312
2317
2322
2326
2331
2340
1973
1970
11254
2321
2326
10659
2339
1972
4618
1975
1980
1984
1989
1993
11002
2272
2276
10609
2285
2290
2295
4947
2304
2308
2312
2317
2321
2326
2330
2339
1972
1971
13906
2326
2330
10668
1972
1970
1975
1980
1984
1988
1993
1998
2002
2006
11001
2272
2277
10610
2286
2290
2294
2299
2303
2308
2312
2317
2322
2326
2330
2339
1972
1971
11002
2272
2276
10609
2285
2290
2295
2299
2304
2308
2313
2317
2322
2326
2330
2339
1973
11002
2272
2276
10609
2285
2290
2295
2299
2304
2308
2312
4965
2321
2326
2331
2340
1972
11002
2272
2276
10609
2285
2290
2295
2299
2304
2308
2312
2317
4969
2326
2331
2340
1972
11002
2272
2276
13257
2285
2290
2295
2299
2304
2308
2313
2317
2322
2326
2331
2340
1972
1971
1975
1979
1984
11001
2272
2277
10610
2286
2290
2294
2299
2303
2308
2312
2317
2322
2326
2330
2339
1973
11001
2272
2277
10610
2286
2290
2294
2299
2303
2308
2313
2317
2321
2326
2331
2340
1973
1971
1975
11002
2272
2276
10609
2285
2290
2295
2299
2304
2308
2313
2317
2321
2326
2330
2339
1972
1970
1975
11258
2326
2330
2340
10301
1970
1975
1980
1984
1988
1993
1997
2002
13650
2272
2276
10609
2285
4938
2295
2299
2304
2308
2313
2317
2321
2326
2330
2339
1972
1971
11258
2326
2331
14126
1972
1971
1975
1980
1984
1988
1993
1998
2002
2007
2011
10502
1975
1980
10718
1989
1993
1997
2002
2007
2011
2015
2020
2025
2029
2033
12144
1997
2002
13389
2011
2015
2020
2025
2029
2033
2038
2042
2047
10798
2272
2277
13866
2286
2290
2294
2299
2303
2308
2313
2317
2321
2326
2330
2339
1972
1971
13703
2326
2331
11478
1972
1971
1975
4627
1984
1989
1993
1997
2002
2006
2011
10502
1975
1980
10920
4637
1993
1998
2002
2006
2011
2016
2020
2025
2029
10798
4920
2277
11218
2286
2290
2294
2299
2303
4956
2313
2317
2321
2326
2331
2340
1973
1970
10799
2272
2276
11217
2285
2290
4943
2299
2304
2308
2313
2317
2322
4974
2330
2339
1972
1971
10798
2272
2277
11218
2286
2290
2294
2299
2303
2308
2312
2317
2321
2326
2331
2340
1972
13446
2272
2277
11218
2286
2290
2294
2299
2303
2308
2313
2317
2321
5237
2331
2339
1972
1970
1975
1980
1984
10798
2272
2277
11218
2286
2290
2294
2299
2303
2308
2312
2317
2321
2326
2331
2340
1972
13447
2272
2276
11217
2285
2290
2295
2299
2304
2308
2312
2317
2321
2326
2331
2340
1972
10799
2272
2276
13865
2285
2290
2295
2299
2304
2308
2312
4965
2322
2326
2330
4969
2340
1972
1970
1975
1980
1984
13447
2272
2276
11217
2285
2290
2295
2299
2304
2308
2313
2317
2321
2326
2330
2339
1973
4619
1975
1980
1984
1988
1966
1975
1979
1993
1998
2002
2006
2011
2015
10798
2272
2277
11218
2286
2290
2294
2299
2303
2308
2313
2317
2321
2326
2330
2339
1973
1971
1975
1980
1984
1988
2336
1966
1975
1980
1989
1993
1998
2002
2006
2011
2015
13447
2272
2276
11217
2285
2290
2295
2299
2304
2308
2313
2317
2322
2326
2331
2339
1972
1970
1975
1979
13915
2339
1973
1970
1975
1980
10718
1989
1993
1998
2002
2007
2011
2015
2020
2025
2029
2034
2038
10798
2272
2277
11218
2286
2290
2294
2299
2303
2308
2313
2317
2321
2326
2330
2339
1972
1970
10798
2272
2277
11218
2286
2290
2294
2299
2303
2308
2313
2317
2321
2326
2331
2340
1972
1970
1975
1979
1984
1989
1993
1998
2002
2006
10799
2272
2276
11217
2285
2290
2295
2299
2304
2308
2313
2317
2322
2326
2331
2339
1972
1970
1975
10799
2272
2276
13865
2285
2290
2295
2299
2304
2308
2313
4965
2321
2326
2330
2340
1973
1971
1975
1980
1984
1988
1993
10799
2272
2276
13865
2285
2290
2295
2299
2304
2308
2313
2317
2321
2326
2330
2340
1973
1970
1975
1980
6034
10799
2272
2276
11217
2285
2290
2295
2299
2304
2308
2313
2317
2322
2326
2331
2340
1973
1971
10798
2272
2277
11218
2286
2290
2294
2299
2303
2308
2313
2317
2321
2326
2330
2313
2321
2339
1972
1970
1975
10668
1973
1970
1975
1980
1984
1989
1993
11136
2002
2006
2011
2016
2020
2024
2029
2034
13447
2272
2276
11217
2285
4938
2295
2299
2304
2308
2313
2317
2322
2326
2331
2339
1972
4618
1975
1979
1984
2340
1970
1975
1988
1993
1998
10799
2272
2276
11217
2285
2290
2295
2299
2304
2308
2313
2317
2322
2326
2331
2339
1972
1970
1975
1979
1984
2326
2340
1971
1975
1984
1988
10799
2272
4924
11217
2285
2290
2295
2299
2304
2308
2312
2317
2322
2326
2331
2340
1973
10798
2272
2277
11218
2286
2290
4943
2299
2304
2308
2312
2317
2322
2326
2331
2340
1973
1970
11055
2326
2330
11478
1973
4619
1993
1997
2002
2007
2011
2015
2020
2024
2029
10506
1979
1984
13573
4970
2326
2330
2341
1966
1971
1993
1997
2002
2007
2011
2015
13446
2272
2277
11218
2286
2290
2294
2299
2303
2308
2312
2317
2321
2326
2331
2340
1972
11001
4920
2277
11015
2286
2290
2294
2299
2303
4956
2312
2317
2321
2326
2330
2339
1972
1971
10650
2326
2330
11073
1972
1970
1975
1980
1984
1989
1993
1998
2002
2006
2011
2015
4668
11001
2272
2277
11015
4929
2290
2295
2299
2304
2308
2313
2317
2322
2326
2331
2340
1973
1970
13298
2326
11065
2340
1973
1971
1975
1979
1984
1989
1993
1997
11001
2272
2277
13663
2286
2290
2294
2299
2303
2308
2313
2317
2321
2326
2330
2339
1972
1971
10650
2326
11065
2340
1972
1970
1975
1979
1984
1989
1993
1997
2002
2006
2011
11001
2272
2277
13663
2286
2290
2294
2299
2303
2308
2313
2317
2322
2326
2331
2340
1973
1970
10650
2326
11065
2340
1973
1971
1975
1980
1984
1988
1993
1998
2002
2007
11002
2272
2276
11014
2285
2290
2295
2299
2304
2308
2313
2317
4970
2326
2331
2340
1973
1970
10650
2326
13712
2340
1973
1971
1975
1979
1984
1989
1993
1997
11001
2272
2277
11015
2286
2290
2294
2299
2303
2308
2312
2317
2322
2326
2331
2340
1973
1970
10650
2326
13712
2340
1972
1971
1975
1979
5503
1989
1993
1998
2002
2006
2011
2016
2020
2024
11001
2272
2277
11015
2286
2290
2294
2299
2303
2308
2313
2317
2322
2326
2331
2340
1973
1970
13298
2326
11065
2340
1973
1970
1975
1979
1984
5508
1993
1997
2002
2006
2011
2016
2020
2024
11001
2272
2277
11015
2286
2290
2294
2299
2303
2308
2312
2317
2321
2326
2330
2339
1972
1970
1975
1979
1984
1989
1993
1997
2002
2006
2011
2016
2020
2024
2029
2034
2038
2043
4958
2052
2056
2061
11001
2272
2277
13663
2286
2290
2294
2299
2303
2308
2312
2317
2321
4974
2331
2340
1973
1971
1975
1980
11001
2272
4925
11015
2286
2290
2294
2299
2303
2308
5021
2317
2322
2326
2331
4987
2312
4965
2321
2326
2331
2340
1972
11001
2272
2277
11015
2286
2290
2294
2299
2303
2308
2312
2317
2322
2326
2331
2340
1973
1971
11002
2272
2276
11014
4933
2290
2295
2299
2304
2308
2312
2317
2321
2326
2330
2339
1972
1971
11258
4974
10862
2339
1973
1971
1975
1980
1984
1989
1993
1997
2002
2007
2011
2015
11001
2272
2277
11015
2286
2290
2294
2299
2303
2308
2312
2317
2321
2326
2331
2339
1972
1970
1975
1979
11001
2272
2277
11015
2286
2290
2294
2299
2303
2308
2313
2317
2322
2326
2330
2339
1973
11001
2272
2277
11015
2286
2290
4942
2299
2303
2308
2312
2317
2322
2326
2331
2340
1973
1970
11258
2326
2330
13519
1972
1970
1975
1980
1984
1988
1993
1998
11002
4920
2276
11014
2285
2290
2295
2299
2304
2308
2312
2317
2322
2326
2331
2340
1973
1970
14108
2326
2330
13316
1972
2002
2006
2011
2015
2020
2025
2029
2033
2038
2042
2047
10705
1975
10713
1984
1989
1993
1998
2321
2326
2330
2340
1966
2002
2006
2011
2016
11001
2272
2277
11015
2286
2290
2294
4947
2303
2308
2313
2317
2321
2326
2330
2339
1972
1970
4623
11263
2330
10870
1973
1970
1975
1979
1984
1988
4641
1998
2002
2006
2011
2015
2020
11002
2272
2276
11014
2285
2290
2295
2299
2304
2308
2313
2317
2321
2317
2326
2331
2340
1973
1970
11254
2321
2326
10659
2339
1973
1970
4623
1979
1984
1988
1993
1998
2002
4654
2011
2016
13355
1970
1975
1979
1984
1988
10930
1997
2002
2007
2011
2015
2020
2024
2029
11002
2272
2276
11014
2285
2290
2295
2299
2304
2308
2312
2317
2322
2317
2326
2331
2340
1973
1970
11253
2322
4974
2331
2339
1973
10704
1975
1979
1984
1989
1993
1997
2002
2007
11001
2272
2277
11015
2286
2290
2294
2299
2303
2308
2313
2317
2321
2326
2331
2340
1972
13649
2272
2277
11015
2286
2290
2294
2299
2303
2308
2312
4965
2321
2326
2331
2340
1972
11001
2272
2277
11015
2286
2290
2294
2299
2303
2308
2312
2317
2321
2326
2330
2339
1972
1970
11001
2272
2277
11015
2286
2290
2294
2299
2303
2308
2313
2317
2321
2326
2330
2339
1972
1970
11002
2272
2276
11014
2285
2290
2295
4947
2304
2308
2313
2317
2322
2326
2331
2340
1973
1970
13906
2326
2330
10871
1973
1971
1975
1980
1984
1988
1993
1998
2002
2006
13649
2272
2277
11015
2286
2290
2294
2299
2303
2308
2313
2330
2317
2321
2326
2340
1973
1971
1975
1980
11254
2322
2326
10871
1973
1971
1975
1980
1984
1989
1993
1997
2002
2007
2011
2016
2020
11001
2272
2277
11015
2286
2290
2294
2299
2303
2308
2331
2339
2312
2317
2321
4978
1972
1971
11249
10848
2322
2326
1972
1971
1975
1979
1984
1989
1993
1997
2002
2007
11002
2272
2276
13662
2285
2290
2295
2299
2304
2308
2312
4965
2321
2326
2331
2340
1972
13650
2272
2276
11014
2285
4938
2295
2299
2304
2308
2313
2317
2322
2326
2331
2340
1973
1971
13649
2272
2277
11015
2286
2290
2294
2299
2303
2308
4960
2317
2322
2326
2331
2340
1973
1970
11258
13505
2330
2339
1973
1971
11002
2272
2276
13662
2285
2290
2295
2299
4952
2308
2312
2317
2321
2326
2331
2340
1973
1971
1975
13906
2326
10862
2340
1972
1970
1975
1980
1984
1988
1993
1997
2002
11001
2272
2277
11015
2286
2290
2294
4947
2303
2308
4960
4978
2317
2321
2326
2339
1972
1970
1975
13902
2322
10857
2339
1972
1971
1975
1980
1984
1989
1993
1997
2002
2007
2011
2016
2020
11001
2272
2277
11015
2286
2290
2294
2299
2303
2308
2313
1975
1980
2317
2322
4974
2330
2340
1966
11254
2322
2326
10861
2339
1972
1970
1984
1989
1993
1998
2002
2006
2011
2015
2020
11001
2272
2277
13663
2286
2290
2294
2299
4951
2308
2313
2317
2322
2326
2331
2340
1973
4619
1975
11001
2272
2277
11015
2286
2290
2294
2299
2303
2308
2313
2317
2322
2326
2331
2339
1972
1971
1975
1979
1984
1989
1993
11001
2272
2277
13663
2286
2290
2294
2299
2303
2308
2313
2317
2321
2326
2330
2340
1973
1971
1975
1979
1984
11002
2272
2276
11014
2285
2290
2295
2299
2304
2308
2312
2317
2322
2326
2330
2340
1973
1971
1975
1980
11267
2340
4621
10502
1975
1980
1984
1988
1993
4646
2002
2007
2011
2015
2020
2025
2029
2034
2038
11001
2272
2277
13663
2286
2290
2294
2299
2303
2308
2313
2317
2322
2326
2330
2340
1972
1971
1975
1979
1984
1988
1993
1997
2002
2006
2011
2016
2020
10596
2272
2277
11218
2286
2290
2295
2299
2304
2308
2312
2317
2321
2326
2331
2339
1973
1970
1975
1980
1984
1989
1993
1997
2002
2007
2011
2016
2020
2025
11204
2272
2277
10610
2286
2290
2294
2299
2303
2308
2312
2317
2321
2326
2331
2340
1973
1971
1975
1980
13852
2272
2277
10610
2286
2290
2294
2299
2303
2308
2313
2317
2322
2326
2330
2340
1973
1971
1975
1979
6034
11204
2272
2277
10610
2286
2290
2294
2299
2303
2308
2313
4965
2322
2326
2330
2340
1972
1970
1975
1979
1984
1988
1993
1997
2002
2007
2011
6065
11002
2272
2276
10812
2286
2290
2294
2299
2303
2308
2313
2317
2322
2326
2330
4988
1972
1971
1975
1979
1984
1989
1993
1997
2002
2006
2011
4927
2020
2025
2029
2034
2038
10798
2272
2277
11218
4934
2290
2294
2299
2303
2308
2313
2317
2322
2326
2330
2340
1972
1971
1975
1980
1984
1988
1993
1997
2002
2006
2011
2016
2020
2024
11001
2272
2277
10610
2286
2290
2294
2299
2303
2308
2313
4965
2322
2326
2330
2340
1972
1971
1975
1979
1984
1989
1993
1997
2002
2007
2011
4724
4668
2024
2029
2033
2038
2043
2047
2051
2056
2060
2065
13447
2272
2276
11015
2286
4938
2294
2299
2303
2308
2313
2317
2322
2326
2330
2340
1972
1970
1975
1979
1984
1989
4641
1998
2002
2007
2011
2016
6070
11001
2272
2277
10812
2285
2290
2295
2299
2304
2308
2312
2317
2321
2326
2331
2339
1973
1970
1975
4627
1984
1988
1993
1997
2002
2007
2011
2015
2020
2024
10596
2272
2277
11015
2285
2290
2295
2299
2304
2308
2312
2317
2321
2326
2331
2339
1973
1971
1975
1979
1984
1988
1993
1998
4650
2006
2011
5130
2020
2024
4677
2033
2038
2042
11001
2272
2277
13258
2286
2290
2294
2299
4951
2308
2312
2317
2321
2326
2330
2339
1972
11001
2272
2277
13258
2286
2290
2294
2299
2303
2308
2312
2317
2322
2326
2331
2340
1973
13650
2272
2276
10609
2285
2290
2295
2299
2304
2308
2313
2317
2322
2326
2331
2340
1973
11001
2272
2277
10610
2286
2290
2294
2299
2303
2308
2313
2317
2322
2326
2331
2340
1973
1970
11056
10655
2331
2340
1972
1970
1975
1979
1984
1989
1993
1997
2002
2006
2011
11001
2272
2277
10610
2286
2290
2294
2299
2303
2308
2313
2317
2322
2326
4978
2340
11047
10645
2321
2326
2331
2339
1972
1970
1975
1980
1984
1988
1993
1998