652
518
341
527
533
8689
514
520
581
695
527
403
404
403
408
408
408
408
408
408
408
408
408
408
408
408
408
408
630
531
699
323
327
363
1023
1028
656
536
358
531
538
363
1032
585
640
589
1037
368
1041
3238
1046
8377
8167
9649
331
516
331
521
331
660
554
376
536
542
844
518
524
594
704
563
331
336
593
597
522
528
8160
8372
516
520
372
521
524
8796
517
521
526
530
535
539
544
548
552
557
561
566
570
575
579
584
589
593
598
602
606
611
615
620
625
629
634
638
643
647
652
656
660
665
669
674
679
683
688
692
697
701
706
710
526
529
715
719
723
530
533
728
732
737
742
746
750
755
535
538
760
1050
386
764
769
773
777
782
787
331
336
602
539
542
4841
795
800
805
809
665
572
395
541
546
848
399
403
518
524
543
547
548
551
553
556
557
560
561
565
566
569
570
573
599
709
590
665
572
395
540
547
848
399
404
518
524
544
546
548
551
553
556
557
560
562
565
566
569
570
573
599
709
590
665
572
394
541
546
848
399
403
518
524
543
546
548
551
553
556
557
560
562
565
566
569
570
573
599
709
590
665
572
394
541
546
848
399
403
518
524
543
546
548
551
553
556
557
560
562
565
566
569
570
573
599
709
590
665
572
394
541
546
848
399
403
518
524
543
546
548
551
553
556
557
560
562
565
566
569
570
573
599
709
590
665
572
394
541
546
848
399
403
518
524
543
546
548
551
553
556
557
560
562
565
566
569
570
573
599
709
590
665
572
395
540
547
848
399
3052
518
524
544
546
548
551
553
555
557
560
561
564
566
569
571
573
599
709
590
665
572
395
540
547
848
399
404
518
524
544
547
548
551
552
556
557
560
562
565
566
569
570
573
599
709
590
665
572
395
540
547
848
399
404
518
524
544
547
548
551
552
556
557
560
562
565
566
569
570
573
599
709
590
665
572
394
541
546
848
399
403
518
524
543
546
548
551
553
3203
557
560
561
564
566
569
571
574
599
708
590
665
572
395
540
547
848
399
404
518
524
544
547
548
551
552
556
557
560
562
565
566
569
570
573
599
709
590
665
572
395
540
547
848
399
404
518
524
544
547
548
551
552
556
557
560
562
565
566
569
570
573
599
709
590
665
572
394
541
546
848
399
403
518
524
543
546
548
551
553
555
557
560
561
564
566
569
571
574
599
708
590
665
572
395
540
547
848
399
404
518
524
544
547
548
551
552
556
557
560
562
565
566
569
570
573
599
709
590
665
572
394
541
546
848
399
403
518
524
543
546
548
551
553
555
557
560
561
564
566
569
571
574
599
708
590
665
572
394
541
546
848
399
403
518
524
543
546
548
551
553
555
557
560
561
564
566
569
571
574
599
3356
590
665
572
395
541
546
848
399
404
518
524
544
547
548
551
552
556
557
560
562
565
566
569
570
573
599
709
590
665
572
394
540
547
848
399
403
518
524
543
546
548
551
553
555
557
560
561
564
566
569
571
574
599
708
590
665
572
394
3188
547
848
399
403
518
524
543
546
548
551
553
555
557
560
561
564
566
569
571
574
599
708
590
665
572
394
540
547
848
399
403
518
524
543
546
548
551
553
555
557
560
561
564
566
569
571
3222
599
708
590
665
572
395
541
546
848
399
404
518
524
544
547
548
551
552
556
557
560
562
565
566
569
570
573
599
709
590
665
572
394
540
547
848
399
403
518
524
543
546
548
551
553
555
557
560
561
564
566
569
571
574
599
708
590
665
572
394
540
547
848
399
403
518
524
543
546
548
551
553
555
557
560
561
564
566
569
571
574
599
708
590
665
572
394
540
547
848
399
403
518
524
543
546
548
551
553
555
557
560
561
564
566
569
571
574
599
708
590
665
572
394
540
547
848
399
403
518
524
543
546
548
551
553
555
557
560
561
564
566
569
571
574
599
708
590
665
572
395
541
546
848
399
404
518
524
544
547
548
551
552
556
557
560
562
565
566
569
570
573
599
709
590
665
572
395
541
546
848
399
404
518
524
544
547
548
551
552
556
557
560
562
565
566
569
570
573
599
709
590
665
572
394
540
547
848
399
403
518
524
543
546
3196
551
553
555
557
560
561
564
566
569
571
574
599
708
590
665
572
394
540
547
848
399
403
518
524
543
546
548
551
553
555
557
560
561
564
566
569
571
574
599
708
590
665
572
395
541
546
848
399
404
518
524
544
547
548
551
553
556
557
560
562
564
566
569
570
573
599
709
590
665
572
395
541
546
848
399
404
518
524
544
546
548
551
552
556
557
3208
562
564
566
569
570
573
599
709
590
665
572
394
540
547
848
399
403
518
524
543
547
548
551
553
555
557
560
561
565
566
569
571
574
599
708
590
665
572
395
541
546
848
399
404
518
524
544
546
548
551
552
556
557
560
562
564
566
569
3218
573
599
709
590
665
572
395
541
546
848
399
404
518
524
544
546
548
551
552
556
557
560
562
564
566
569
570
573
599
709
590
665
572
395
541
546
848
399
404
518
524
544
546
548
551
552
556
557
560
562
564
566
569
570
573
599
709
590
665
572
394
540
547
848
399
403
518
524
543
547
548
551
553
555
557
560
561
565
566
569
571
574
599
708
590
665
572
394
540
547
848
399
3051
518
524
543
547
548
551
553
555
557
560
561
565
566
569
571
574
599
708
590
665
572
394
540
547
848
399
403
518
524
543
547
548
551
553
555
557
560
561
565
566
569
571
574
599
708
590
665
572
395
541
546
848
399
404
518
524
544
546
548
551
552
556
557
560
562
564
566
569
570
573
599
709
590
665
572
394
540
547
848
399
403
518
524
543
547
548
551
553
555
557
560
561
565
566
569
571
574
599
708
590
665
572
395
541
546
848
399
404
518
524
544
546
548
551
552
556
557
560
562
564
566
569
570
573
599
709
590
3313
572
395
541
546
848
399
404
518
524
544
546
548
551
552
556
557
560
562
564
3214
569
570
573
599
709
590
665
572
394
540
547
848
399
403
518
524
543
547
548
551
553
555
557
560
561
565
566
569
571
574
599
708
590
665
572
394
540
547
848
399
3051
518
524
543
547
548
551
553
555
557
560
561
565
566
569
571
574
599
708
590
665
572
394
540
547
848
399
403
518
524
543
547
548
551
553
555
557
560
561
565
566
569
571
574
3247
708
590
665
572
394
540
547
848
399
403
518
524
543
547
548
551
553
555
557
560
561
565
566
569
3219
574
599
708
590
665
572
395
541
546
848
399
404
518
524
544
546
548
551
552
556
557
560
562
564
566
569
570
573
599
709
590
665
572
394
540
547
848
399
403
518
524
543
547
548
551
553
555
557
560
561
565
566
569
571
574
599
708
590
665
572
395
541
546
848
399
404
518
524
544
546
548
551
552
556
557
560
562
564
566
569
570
573
599
709
590
665
572
395
541
546
848
399
404
518
524
544
546
548
551
552
556
557
560
562
564
566
569
570
573
599
709
590
665
572
394
540
547
848
399
403
518
524
543
547
548
551
553
555
557
560
561
565
566
569
571
574
599
708
590
665
572
395
541
546
848
399
404
518
524
544
547
548
551
553
556
557
560
562
564
566
569
570
573
599
709
590
665
572
395
541
546
848
399
404
518
524
544
547
548
551
552
556
557
560
561
564
566
569
570
573
599
709
590
665
572
395
541
546
848
399
404
518
524
544
547
548
551
552
556
557
560
561
564
566
569
570
573
599
709
590
665
572
395
541
546
848
399
404
518
524
544
547
548
551
552
556
557
560
561
564
566
569
570
573
599
709
590
665
572
395
541
546
848
3047
404
518
524
544
547
548
551
552
556
557
560
561
564
566
569
570
573
599
709
590
3313
572
394
540
547
848
399
403
518
524
543
546
548
551
553
555
557
560
562
565
3214
569
571
574
599
708
590
665
572
395
541
546
848
399
404
518
524
544
547
548
551
552
556
557
560
561
564
566
569
570
573
599
709
590
665
572
395
541
546
848
399
404
518
524
544
547
548
551
552
556
557
560
561
564
566
569
570
573
599
709
590
665
572
395
541
546
848
399
404
518
524
544
547
548
551
552
556
557
560
561
564
566
569
570
573
599
709
590
665
572
395
541
546
848
399
404
518
524
544
547
548
551
552
556
557
560
561
564
566
569
570
573
599
709
590
665
572
395
540
547
848
399
403
518
524
543
547
548
551
552
556
557
560
561
564
566
569
570
573
599
709
590
665
572
395
541
546
848
399
404
518
524
544
547
548
551
552
556
557
560
561
564
566
569
570
573
599
709
590
665
572
394
540
547
848
399
403
518
524
543
546
548
551
553
555
557
560
562
565
566
569
571
574
599
708
590
665
572
395
541
546
848
399
404
518
524
544
547
548
551
552
556
557
560
561
564
566
569
570
573
599
709
590
665
572
395
541
546
848
399
404
518
524
544
547
548
551
552
556
557
560
561
564
566
569
3218
573
599
709
590
665
572
395
541
546
848
399
404
518
524
544
547
548
551
552
556
557
560
561
564
566
569
570
573
599
709
590
665
572
394
540
547
848
399
403
518
524
543
547
548
551
552
555
557
560
562
565
566
569
571
574
599
708
590
665
572
395
541
546
848
399
404
518
524
544
546
548
551
553
555
557
560
561
564
566
569
570
3221
599
709
590
665
572
394
540
547
848
399
403
518
524
543
546
548
551
553
555
557
560
562
565
566
569
571
574
599
708
590
665
572
394
540
547
848
399
403
518
524
543
546
548
551
553
555
557
560
562
565
566
569
571
574
599
708
590
665
572
395
541
546
848
399
404
518
524
544
547
548
551
552
556
557
560
561
564
566
569
570
573
599
709
590
665
572
395
541
546
848
399
404
518
524
544
547
548
551
552
556
557
560
561
564
566
569
570
573
599
709
590
665
572
395
541
546
848
399
404
518
524
544
547
548
551
552
556
557
560
561
564
566
569
570
573
599
709
590
665
572
395
541
546
848
399
404
518
524
544
547
548
551
552
556
557
560
561
564
566
569
570
573
599
709
590
665
572
394
540
547
848
399
403
518
524
543
546
548
551
553
555
557
560
562
565
566
569
571
574
599
708
590
665
572
395
541
546
848
399
404
518
524
544
547
548
551
552
3204
557
560
561
564
566
569
570
573
599
709
590
665
572
395
541
546
848
399
404
518
524
544
547
548
551
552
556
557
560
3209
564
566
569
570
573
599
709
590
665
572
394
540
547
848
3047
403
518
524
543
546
548
551
553
555
557
560
562
565
566
569
571
574
599
708
590
665
572
394
540
547
848
399
403
518
524
543
546
548
551
553
555
557
560
562
565
566
569
571
574
599
708
590
665
572
395
541
546
848
399
404
518
524
544
547
548
551
552
556
557
560
561
564
566
569
570
573
599
709
590
665
572
394
540
547
848
399
403
518
524
543
546
548
551
553
555
557
560
562
565
566
569
571
574
599
708
590
665
572
395
541
546
848
399
404
518
524
544
547
548
551
552
556
557
560
561
564
566
569
570
573
599
709
590
665
572
395
541
546
848
399
404
518
524
544
547
548
551
552
556
557
560
561
564
566
569
570
573
599
709
590
665
572
395
541
546
848
399
404
518
524
544
547
548
551
552
556
557
560
561
564
566
569
570
573
599
709
590
665
572
395
541
546
848
399
404
518
524
544
547
548
551
552
556
557
560
561
564
566
569
570
573
599
709
590
665
572
395
541
546
848
399
404
518
524
544
547
548
551
552
556
557
560
561
564
566
569
570
573
599
709
590
665
572
394
540
547
848
399
403
518
524
543
546
548
551
553
555
557
560
562
565
566
569
571
574
599
708
590
665
572
394
540
547
848
399
403
518
524
543
546
548
551
553
555
557
560
562
565
566
569
571
574
599
708
590
665
572
394
540
547
848
399
403
518
524
543
547
548
551
552
555
557
560
562
565
566
569
571
573
599
709
590
665
572
394
540
547
848
399
403
518
524
543
546
548
551
553
556
557
560
561
564
566
569
571
573
599
709
590
665
572
395
541
546
848
399
404
518
524
544
547
548
551
552
555
557
560
562
565
566
569
570
574
599
708
590
665
572
395
541
546
848
399
404
518
524
544
547
548
551
552
555
557
560
562
565
566
569
570
574
599
708
590
665
572
394
540
547
848
399
403
518
524
543
546
548
551
553
555
557
560
561
564
566
569
571
574
599
708
590
670
581
404
545
551
848
408
413
518
524
544
547
548
551
553
556
557
560
561
565
566
569
570
573
599
709
599
665
572
394
540
547
848
399
403
518
524
543
546
548
551
553
556
557
560
561
564
566
569
571
573
599
709
590
665
572
394
540
547
848
399
403
518
524
543
546
548
551
552
555
557
560
562
564
566
569
571
574
599
708
590
665
572
394
540
547
848
399
403
518
524
543
547
548
551
552
556
557
560
562
565
566
569
570
573
599
709
590
665
572
395
541
546
848
399
404
518
524
544
547
548
551
552
555
557
560
562
3213
566
569
570
574
599
708
590
665
572
395
541
546
848
399
404
518
524
544
547
548
551
553
556
557
560
561
564
566
569
571
573
599
709
590
665
572
395
541
546
848
399
404
518
524
544
547
548
551
553
556
557
560
561
564
566
569
571
573
599
3357
590
665
572
394
540
547
848
399
403
518
524
543
546
548
551
552
555
557
560
562
565
566
569
570
574
599
708
590
665
572
395
541
546
848
399
404
518
524
544
547
548
551
553
556
557
560
561
564
566
569
571
573
599
709
590
665
572
395
541
546
848
399
404
518
524
544
547
548
551
553
556
557
560
561
564
566
569
571
573
599
709
590
814
818
823
827
831
836
520
523
841
845
849
332
336
607
854
332
859
863
336
611
332
336
331
336
332
868
336
615
620
331
332
872
336
332
336
876
886
8166
516
521
526
530
399
814
818
823
827
831
836
520
523
841
845
3497
332
336
854
858
863
404
868
872
876
885
518
516
399
814
818
823
827
831
836
520
3171
841
845
849
332
336
854
858
863
403
868
872
877
886
519
517
399
814
818
823
827
831
836
520
523
841
845
849
332
336
854
859
863
867
403
872
876
886
519
517
521
399
814
818
823
827
831
836
520
523
841
845
849
332
336
854
859
863
404
867
872
876
885
518
516
399
814
818
823
827
831
836
520
523
841
845
849
332
336
854
859
331
863
525
336
625
867
332
526
336
872
877
331
525
336
885
332
526
336
413
331
525
336
831
332
526
336
327
327
327
327
331
525
336
327
327
327
327
331
525
336
629
327
412
404
332
336
629
332
519
526
336
331
525
336
331
530
336
332
534
336
332
530
336
331
525
336
332
535
336
332
526
336
332
530
336
331
525
336
331
530
336
332
535
336
332
526
336
331
331
332
526
336
332
526
336
332
526
336
331
525
336
332
8157
526
530
669
594
417
545
551
857
422
426
527
533
575
578
580
583
584
587
588
592
593
596
598
600
602
605
604
713
612
516
521
332
526
336
629
525
530
534
539
544
548
552
557
561
566
570
575
580
584
588
593
598
602
607
611
615
620
399
525
530
534
539
543
548
553
557
561
566
571
575
579
584
589
814
818
822
827
831
836
520
523
841
845
849
332
336
854
859
863
868
872
876
885
519
399
814
818
822
827
831
836
520
523
841
845
849
332
336
854
332
859
526
336
332
332
863
868
872
876
885
518
517
399
814
818
822
827
831
836
520
523
841
845
849
332
336
854
331
858
525
336
863
867
872
877
886
519
516
399
813
818
823
827
832
836
519
522
840
845
850
331
336
854
332
859
526
336
863
867
872
876
885
518
516
521
525
530
534
539
543
548
553
557
561
566
571
575
579
584
588
593
598
602
607
399
814
818
822
827
831
836
520
523
841
845
849
332
336
854
332
859
526
336
332
530
336
332
534
336
331
530
336
331
525
336
2980
535
336
331
525
336
332
530
336
863
867
872
877
886
518
517
399
814
818
822
827
831
836
520
523
841
845
849
332
336
854
332
858
525
336
332
863
525
336
331
3516
526
336
331
525
336
331
872
877
886
519
517
521
526
399
813
818
823
827
832
836
519
522
840
845
850
331
336
854
534
525
530
669
594
417
545
551
857
421
426
527
533
575
578
580
583
584
587
588
592
593
596
598
600
602
605
603
713
613
859
863
868
872
877
886
519
517
521
399
872
876
886
518
516
521
526
530
534
539
544
548
552
557
562
814
818
822
827
831
836
520
523
3489
845
849
332
336
854
332
858
525
336
863
331
525
336
867
872
332
526
336
877
885
518
516
521
526
530
399
813
818
823
827
832
836
519
522
840
845
850
331
336
854
331
3507
526
336
413
863
867
331
525
336
831
332
526
336
327
327
872
327
327
876
331
525
336
327
327
327
327
886
518
516
521
526
530
535
399
813
818
823
827
832
836
519
522
840
845
850
331
336
854
332
859
526
336
332
530
336
332
535
336
863
868
872
876
885
518
517
399
814
818
822
827
831
836
520
523
841
845
850
331
336
854
331
859
3173
336
633
327
413
403
332
336
633
863
867
872
877
886
519
516
399
813
818
823
827
832
836
519
522
840
845
849
332
336
854
669
594
417
545
551
857
421
426
527
533
575
578
579
583
584
587
588
592
593
596
598
601
602
605
603
713
613
859
863
868
872
876
885
519
399
863
867
872
876
885
518
516
521
526
530
3183
539
813
818
823
827
832
836
519
522
840
845
849
332
336
854
859
669
594
417
545
551
857
421
426
527
533
575
578
580
582
584
587
589
591
593
596
597
600
602
605
604
713
612
863
867
872
876
885
518
517
399
863
868
872
877
886
519
3165
521
525
530
534
539
404
813
818
823
827
832
836
519
522
840
845
849
332
336
854
670
595
417
545
551
857
422
426
527
533
575
578
580
582
584
587
589
591
593
596
597
600
602
605
604
713
612
859
863
868
872
877
886
519
516
399
868
872
877
886
519
517
521
525
530
535
539
543
548
553
814
818
822
827
831
836
520
523
841
845
850
331
336
854
331
859
525
336
863
867
872
877
886
519
516
399
813
818
823
827
832
836
519
522
840
845
849
332
336
854
858
863
867
872
877
886
518
399
813
818
823
827
832
836
519
522
840
845
849
332
336
854
327
327
327
859
3511
868
872
876
885
519
399
813
818
823
827
832
836
519
522
840
845
849
332
336
854
859
863
868
872
876
885
519
399
813
818
823
827
832
836
519
522
840
845
849
332
336
854
332
858
336
863
332
332
336
867
331
331
872
336
331
336
595
594
594
595
595
594
595
595
595
594
595
331
876
336
331
336
594
595
595
594
594
595
594
594
594
595
594
332
336
332
331
332
336
332
336
594
595
595
594
594
595
594
594
594
595
595
332
336
595
594
594
595
595
595
594
594
594
595
594
332
336
331
336
332
885
519
516
521
526
530
399
814
818
822
827
831
836
520
523
841
845
850
331
336
854
859
863
867
872
877
886
518
399
814
818
822
827
831
836
520
523
841
845
850
331
336
854
858
863
868
872
876
885
518
516
521
399
813
818
823
827
832
836
519
522
840
845
849
332
336
854
670
595
417
545
551
857
422
426
527
533
575
578
580
582
584
587
589
591
593
596
597
600
602
605
3252
713
612
858
863
868
872
877
886
519
517
521
399
868
872
408
877
885
519
517
521
525
530
535
539
544
548
813
818
823
827
832
836
519
522
840
845
849
332
336
854
670
595
417
545
551
857
422
426
527
533
575
578
580
582
584
587
589
591
593
596
597
600
602
605
604
713
612
858
863
868
872
877
886
519
516
399
868
872
524
674
617
440
549
556
8483
444
448
532
538
607
609
611
614
616
619
620
623
624
627
629
632
634
637
608
717
635
876
886
519
516
521
525
530
535
539
543
548
552
557
516
521
679
640
462
554
560
843
466
471
536
542
638
641
642
645
647
650
652
655
3304
659
661
664
665
668
613
722
657
525
530
534
539
544
548
552
557
562
566
570
575
580
539
544
529
548
552
417
417
557
562
566
570
575
580
584
589
593
814
818
822
3475
831
836
520
523
841
845
850
331
336
854
670
595
3067
545
551
857
421
426
527
533
575
578
580
583
584
587
588
592
593
596
3245
601
602
605
604
713
612
858
863
868
872
877
886
519
516
399
868
872
524
674
617
440
549
556
845
444
449
531
537
606
609
611
614
616
619
620
623
624
627
629
632
634
637
608
717
635
876
886
519
516
521
526
530
534
539
544
548
553
557
516
521
525
530
413
412
534
539
543
548
553
557
561
566
570
575
814
818
822
827
831
836
520
523
841
845
850
331
336
854
332
858
526
336
332
525
336
332
525
336
863
868
872
876
885
518
517
399
813
818
823
827
832
836
519
522
840
845
849
332
336
854
332
858
526
336
331
526
336
331
526
336
332
525
336
863
867
3520
877
886
519
516
399
814
818
822
827
831
836
520
523
841
845
850
331
336
854
859
863
868
872
876
885
519
399
814
818
822
827
831
836
520
523
841
845
850
331
336
575
578
854
858
863
868
580
582
872
584
587
584
587
591
596
876
886
519
517
521
525
530
399
814
818
822
827
831
836
520
523
841
845
850
331
336
854
859
575
578
583
587
580
582
863
868
872
876
885
519
399
813
818
823
827
832
836
519
522
840
845
849
332
336
854
859
575
578
579
583
580
582
580
582
863
868
872
876
885
519
399
813
818
823
827
832
836
519
522
840
845
849
332
336
854
859
575
578
863
867
872
877
579
583
587
868
885
519
517
521
525
530
399
3461
818
823
827
832
836
519
522
840
845
849
332
336
854
858
863
868
575
578
583
587
582
591
403
403
872
877
886
518
516
521
525
530
535
580
582
596
587
512
521
526
539
543
548
553
557
562
399
814
818
822
827
831
836
520
523
841
845
850
331
336
854
858
863
868
575
578
583
587
582
591
403
403
872
877
886
518
516
521
525
530
535
580
582
882
512
521
525
534
539
543
548
553
557
562
399
813
818
823
827
832
836
519
522
840
845
849
332
336
854
858
863
575
578
670
595
417
545
551
857
422
426
527
533
579
582
584
587
588
592
593
596
597
601
602
605
3254
610
611
614
604
713
612
867
872
408
876
886
519
517
521
526
399
876
886
518
517
521
525
530
534
539
408
543
548
552
557
562
566
570
575
579
584
814
818
822
827
831
836
520
523
841
845
850
331
336
854
858
575
578
863
868
403
403
403
403
403
403
403
403
872
877
886
519
517
399
814
818
822
827
831
836
520
523
841
845
850
331
336
854
858
575
578
863
868
872
876
885
519
517
521
526
530
403
404
403
404
403
404
403
404
534
539
543
548
553
399
813
818
823
827
832
836
519
522
840
845
849
332
336
854
858
575
578
863
867
404
404
403
872
404
404
403
403
404
403
403
876
886
519
517
521
399
813
818
823
827
832
836
519
522
840
845
849
332
336
854
858
863
868
575
578
583
587
582
591
403
403
872
403
403
404
404
404
403
403
404
403
403
404
404
404
4453
403
582
596
403
403
403
877
885
404
518
403
516
403
404
403
404
403
403
403
403
404
404
403
404
404
403
403
403
404
403
404
404
403
403
404
404
403
403
404
403
404
404
403
403
404
404
403
403
403
404
404
404
403
403
404
404
404
404
403
403
521
525
530
535
539
399
813
818
823
827
832
836
519
522
840
845
849
332
336
854
858
575
3226
863
868
872
404
404
403
403
403
404
404
403
404
403
404
403
583
587
403
403
403
877
403
885
404
403
403
403
592
403
404
403
404
404
403
404
404
404
403
404
403
403
404
403
404
404
404
403
403
403
518
517
521
525
530
399
813
818
823
827
832
836
519
522
840
845
849
332
336
854
858
575
578
863
867
404
404
403
872
876
885
518
516
399
814
818
822
827
831
836
520
523
841
845
850
331
336
575
578
854
858
863
868
582
587
669
594
417
545
551
857
421
426
527
533
580
582
584
592
588
596
593
601
597
605
602
609
607
614
611
618
616
623
603
713
613
872
877
858
868
886
519
517
521
399
885
518
517
521
525
530
534
539
544
548
553
557
561
566
571
575
579
813
818
823
827
832
836
519
522
840
845
849
332
336
854
858
863
575
578
582
587
583
592
404
404
867
872
876
886
519
517
521
526
530
583
583
887
404
403
404
517
521
535
539
543
399
813
818
823
827
832
836
520
523
840
845
849
332
336
854
858
863
575
578
583
587
582
591
404
404
867
872
876
886
519
517
521
526
530
872
403
404
403
403
404
887
516
521
530
535
399
813
818
823
827
832
836
520
523
840
845
849
332
336
575
578
854
859
403
863
867
872
876
885
518
399
814
818
822
827
831
836
520
523
840
845
849
332
336
854
859
863
670
595
417
545
551
857
422
426
527
533
575
578
580
583
584
587
588
592
593
596
597
601
602
605
604
713
612
867
872
876
885
518
517
399
867
872
524
527
674
617
439
550
555
846
444
448
532
538
607
609
611
614
616
619
620
623
624
627
629
632
634
637
608
717
635
877
886
518
3164
539
544
548
552
557
562
566
571
575
403
521
526
529
530
534
412
867
872
877
404
886
512
516
539
544
548
552
557
562
814
818
822
827
831
836
520
523
841
845
850
331
336
854
534
526
530
859
863
868
872
876
885
519
399
814
3466
822
827
831
836
520
523
841
845
850
331
336
3502
859
863
531
525
530
669
594
417
545
551
858
421
426
527
533
575
578
580
582
584
587
589
591
593
596
597
601
602
605
604
713
612
408
868
872
877
886
519
516
399
868
872
877
886
519
517
521
525
530
534
408
539
543
548
553
557
562
566
814
818
822
827
831
836
519
522
840
845
849
332
336
854
531
525
530
669
594
417
545
551
858
421
426
527
533
575
578
580
582
584
587
589
591
593
596
597
3249
602
605
604
713
612
858
863
404
867
872
876
885
518
517
399
868
872
876
885
518
516
521
526
530
534
539
544
814
818
822
827
831
836
520
523
841
845
850
331
336
854
531
525
530
3317
594
417
545
551
858
421
426
527
533
575
578
580
582
584
587
589
3239
593
596
597
601
602
605
604
713
612
858
863
868
872
877
886
519
516
399
868
872
876
885
519
517
521
526
530
534
539
544
548
553
557
814
818
822
827
831
836
520
523
841
845
850
331
336
854
531
525
530
3317
594
417
545
551
858
421
426
527
533
575
578
580
582
584
587
589
591
593
596
597
601
602
605
604
713
612
858
863
867
872
876
885
518
517
399
868
872
876
885
518
516
521
525
530
535
539
543
548
552
813
818
823
827
832
836
519
522
840
845
849
332
336
854
531
525
530
669
594
417
545
551
858
421
426
527
533
575
578
580
582
584
587
589
591
593
596
597
601
602
605
604
713
612
858
863
867
872
876
885
518
517
399
868
872
877
885
518
516
521
526
530
534
539
544
814
818
822
827
831
836
520
523
841
845
850
331
336
854
531
525
530
669
594
417
545
551
858
421
426
527
533
575
578
3228
582
584
587
589
591
593
596
597
601
602
605
604
713
612
859
863
867
872
876
885
518
517
399
867
872
877
885
519
516
521
526
530
534
539
543
548
553
557
561
566
571
814
818
822
827
831
836
520
523
841
845
850
331
336
854
531
525
530
669
594
417
545
551
858
421
426
527
533
575
578
580
582
584
587
589
591
593
596
597
601
602
605
604
713
612
858
863
867
872
876
885
518
517
399
868
872
876
885
518
517
521
526
530
534
539
544
548
553
557
561
566
571
814
818
822
827
831
836
520
523
841
845
850
331
336
854
859
863
868
872
331
877
525
336
69400
1055
3708
1064
1069
886
519
517
521
526
530
534
539
544
548
553
557
561
566
571
575
579
584
588
593
403
597
602
606
399
814
818
822
827
831
836
520
523
841
845
850
331
336
854
859
713
332
336
372
3173
649
633
863
412
340
530
345
403
404
868
413
340
3178
345
872
876
885
518
516
521
525
399
814
818
3470
827
831
836
520
523
841
845
850
331
336
854
858
863
867
872
876
886
859
863
868
872
876
885
519
399
814
818
822
827
831
836
520
523
841
845
850
331
336
854
859
863
403
867
872
876
885
518
516
399
813
818
823
827
3480
836
519
522
840
845
849
332
336
854
859
863
669
594
417
545
551
858
421
426
527
533
575
578
580
582
584
587
588
3240
593
596
598
600
602
605
603
713
613
408
868
872
877
886
519
516
399
867
872
524
531
408
876
886
518
516
521
525
530
534
539
544
548
552
557
562
814
818
822
827
831
836
520
523
841
845
850
331
336
854
859
863
868
872
876
886
519
517
521
526
399
814
818
822
827
831
836
520
523
841
845
850
331
336
854
858
863
867
872
877
886
518
399
814
818
822
827
831
836
520
523
3489
845
850
331
336
854
669
594
417
545
551
858
421
426
527
533
575
578
580
582
584
587
588
592
593
596
598
600
602
605
603
713
613
859
863
867
872
876
885
518
517
399
867
872
524
877
885
519
517
521
525
530
535
539
543
813
818
823
827
832
836
519
522
840
845
849
332
336
854
859
863
669
594
417
545
551
858
421
426
527
533
575
578
580
582
584
587
588
592
593
596
598
600
602
605
603
713
613
674
617
439
550
555
844
453
457
532
538
606
609
611
614
615
618
620
623
625
628
629
632
634
636
608
718
644
533
412
412
867
872
876
885
518
517
399
868
872
524
531
413
877
886
519
548
553
557
562
566
570
575
580
584
589
593
516
521
412
525
530
534
539
543
868
872
877
887
512
548
553
557
561
814
818
822
827
831
836
520
523
841
845
850
331
336
854
858
863
670
595
417
545
551
858
422
426
527
533
575
578
579
583
584
587
589
591
593
596
597
601
602
605
604
713
612
868
408
872
877
886
519
517
521
399
872
877
524
531
886
518
517
408
521
526
530
535
539
543
548
553
557
562
566
813
818
823
827
832
836
519
3170
840
845
849
332
336
854
575
578
670
595
417
545
551
858
422
426
527
533
580
583
584
587
588
591
593
596
598
601
605
602
609
607
614
604
713
612
858
863
868
863
872
876
885
518
517
399
863
868
674
617
440
549
556
843
453
458
531
537
611
619
615
623
620
628
624
632
629
637
641
633
646
638
650
608
717
644
872
876
886
518
517
521
526
530
535
539
543
548
553
557
561
518
517
521
526
530
535
539
544
548
552
557
562
566
571
575
813
818
823
827
832
836
519
522
840
845
849
332
2984
854
575
578
670
595
417
545
551
858
422
426
527
533
580
583
584
587
588
591
593
596
598
601
605
602
609
607
614
604
713
612
859
863
867
863
872
876
885
518
517
399
863
867
872
876
886
518
517
521
526
530
534
539
544
548
552
814
818
822
827
831
836
520
523
841
845
850
331
336
854
858
403
863
868
872
876
885
519
399
814
818
822
827
831
836
520
523
841
845
850
331
336
854
859
404
863
868
872
876
885
519
399
814
818
822
827
831
836
520
523
841
845
850
331
336
854
859
863
868
404
872
877
886
519
517
399
814
818
822
827
831
836
520
523
841
845
850
331
336
854
858
403
863
403
868
872
877
886
519
517
399
813
818
823
827
832
836
519
522
840
845
849
332
336
854
669
594
417
545
551
858
421
426
527
533
575
578
580
582
584
587
588
592
593
596
598
600
602
605
603
713
613
858
863
408
867
872
876
885
518
517
399
3515
872
877
885
408
518
516
521
525
530
535
539
543
548
553
814
818
822
827
831
836
520
523
841
845
850
331
336
854
858
669
594
417
545
551
858
421
426
527
533
575
578
580
582
584
587
588
592
593
596
598
600
602
605
603
713
613
877
408
408
863
868
872
885
518
516
521
525
399
863
867
408
872
885
518
516
408
521
408
408
408
525
530
534
539
544
548
552
557
561
566
814
818
822
827
831
836
520
523
841
845
850
331
336
854
670
595
417
545
551
858
422
426
527
533
575
578
579
583
584
587
589
591
593
596
597
601
602
605
604
713
612
408
876
408
408
886
859
863
868
877
519
516
399
858
863
867
872
408
408
519
516
521
526
530
534
539
544
548
552
813
818
823
827
832
836
519
522
840
845
849
332
336
854
859
863
868
872
876
885
519
399
813
818
823
827
832
836
519
522
840
845
849
332
336
854
858
863
403
867
872
876
885
518
516
399
814
818
822
827
831
836
520
523
841
845
850
331
336
854
670
595
417
545
551
858
422
426
527
533
575
578
579
583
584
587
589
591
593
596
597
601
602
605
604
713
612
859
408
863
867
872
876
885
518
517
399
867
872
877
886
518
516
408
813
818
823
827
832
836
519
522
840
845
849
332
336
854
859
670
595
417
545
551
858
422
426
527
533
575
578
579
583
584
587
589
591
593
596
597
601
602
605
604
713
612
863
868
872
876
885
518
516
521
399
867
872
408
408
408
3056
408
408
408
408
408
408
408
876
885
519
517
521
525
530
535
539
544
548
814
818
822
827
831
836
520
523
841
3493
850
331
336
854
3507
669
594
417
545
551
858
421
426
527
533
575
578
580
582
584
587
588
592
593
596
598
600
602
605
603
713
613
408
877
408
408
863
868
872
886
519
517
521
399
863
867
872
886
519
516
521
408
525
530
534
539
544
548
552
557
561
566
814
818
822
827
831
836
3168
523
841
845
850
331
336
854
858
670
595
417
545
551
858
422
426
527
533
575
578
579
583
584
587
589
591
593
596
597
601
602
605
604
713
612
521
408
525
408
408
863
867
3520
877
887
512
399
863
867
872
877
886
519
517
408
408
408
408
408
408
408
408
408
408
408
408
408
408
408
408
408
3056
408
408
408
408
408
408
408
408
408
408
408
408
408
408
408
408
408
408
408
408
408
408
408
408
408
408
408
408
408
408
408
408
408
408
408
408
408
408
408
408
408
408
408
408
408
408
408
408
408
408
408
408
408
408
408
408
408
408
408
408
408
408
408
408
408
408
408
408
408
408
408
408
408
408
408
408
408
408
408
408
530
534
539
543
548
553
557
562
566
814
818
822
827
831
836
520
523
841
845
3498
331
336
854
331
858
336
331
336
332
863
336
867
872
876
885
518
516
521
399
814
818
822
827
831
836
520
523
841
845
850
331
336
854
858
713
331
336
372
526
648
634
863
413
341
530
345
404
404
867
413
872
413
876
413
886
413
412
519
516
521
526
530
534
539
399
814
818
822
827
831
836
520
523
841
845
850
331
336
854
858
713
331
336
372
526
648
634
863
413
341
530
345
404
403
868
404
872
403
877
885
518
516
521
526
530
399
813
818
823
827
832
836
519
522
840
845
849
332
336
854
859
863
713
332
336
372
525
649
633
867
413
341
530
345
404
403
670
595
417
545
551
858
422
426
527
533
575
578
579
583
584
587
589
591
593
596
597
601
602
605
604
717
613
872
408
408
408
877
885
518
516
521
525
399
877
885
518
516
521
525
530
535
524
532
539
435
340
535
345
435
408
543
548
408
408
552
557
562
566
570
575
579
584
814
818
822
827
831
836
519
522
841
845
850
854
858
863
867
872
877
885
519
516
521
526
530
331
336
633
535
539
332
336
634
544
332
548
526
336
638
331
336
332
336
332
336
332
336
332
336
332
336
553
340
643
332
336
643
332
336
643
340
331
336
643
332
336
332
336
643
557
331
336
561
566
399
813
818
822
827
831
836
520
523
840
845
849
854
859
863
868
872
876
886
518
517
521
525
530
332
336
638
534
539
331
336
638
544
331
548
336
331
336
643
332
336
642
331
552
336
643
332
336
643
331
336
643
332
336
643
331
557
336
643
332
336
643
332
336
642
647
332
336
642
647
332
336
642
647
332
336
642
647
331
336
642
647
331
336
331
336
643
331
336
643
332
336
642
331
336
642
647
331
336
643
647
332
336
643
647
331
336
643
331
336
332
336
332
336
332
336
331
336
561
332
336
566
570
399
813
818
822
827
831
836
520
523
841
845
850
331
336
854
331
859
336
332
863
336
331
868
336
872
876
885
518
516
521
525
399
813
818
822
827
831
836
519
522
841
845
850
331
336
854
332
858
336
331
863
336
332
867
336
332
872
336
331
336
331
336
877
885
518
516
521
526
530
399
813
818
822
827
831
836
520
3171
841
845
850
854
858
863
867
872
877
885
519
517
521
526
530
331
336
642
535
539
332
336
642
544
332
336
647
331
336
647
331
336
642
331
548
336
642
331
336
647
332
336
643
331
336
331
336
651
332
336
332
336
332
336
643
332
336
332
336
552
332
336
557
4611
399
813
818
823
827
831
836
520
523
841
845
850
854
858
863
867
872
877
3533
519
516
521
526
530
331
336
643
534
539
331
336
643
544
548
553
557
562
566
332
570
525
336
656
332
336
331
336
341
341
332
336
332
530
336
331
336
341
341
332
336
331
535
336
331
336
332
336
331
336
331
336
331
336
331
336
575
341
332
336
579
584
399
814
818
822
827
831
836
520
523
841
845
850
854
858
863
867
872
877
885
519
516
521
525
530
332
336
656
535
539
332
336
656
544
332
336
661
332
336
660
331
336
660
332
336
660
331
336
656
332
548
336
656
332
553
336
656
332
557
336
656
665
331
336
656
665
332
336
656
665
331
336
656
665
332
336
656
665
332
336
656
332
336
660
665
660
332
336
660
665
4710
332
336
660
665
661
332
336
660
665
332
336
660
561
332
336
566
571
399
814
818
822
827
831
836
520
3171
841
845
850
854
858
863
867
872
877
885
519
516
521
526
530
331
336
661
534
539
331
336
661
544
548
552
557
561
566
571
575
331
580
525
336
665
584
588
593
598
602
331
336
665
331
336
607
611
399
813
818
823
827
831
3484
520
523
841
845
850
854
858
863
867
872
877
885
519
517
521
526
332
336
665
530
534
331
336
665
539
331
336
543
548
341
670
331
336
669
332
336
670
552
332
336
341
669
331
336
670
557
332
336
561
566
399
814
818
822
827
832
836
519
522
840
845
849
854
859
863
868
872
876
886
518
517
521
3174
530
331
336
669
535
539
332
336
669
544
332
548
526
336
674
331
336
332
336
552
341
678
332
336
679
340
331
336
341
679
332
336
679
340
679
340
331
336
341
678
332
336
678
341
331
336
341
678
331
336
679
340
678
341
678
341
331
336
679
331
336
678
332
336
4728
331
336
678
331
336
678
331
336
341
679
332
336
678
341
332
336
679
331
336
341
678
331
336
678
341
678
341
679
340
679
340
679
340
679
340
678
341
678
341
678
341
678
341
679
340
679
340
679
340
678
341
678
341
678
341
678
341
679
340
679
340
679
340
679
4390
678
341
678
341
678
341
679
340
679
340
679
340
679
340
678
341
678
341
678
341
678
340
679
332
336
679
331
336
341
678
332
336
679
340
331
336
678
331
336
557
562
331
336
566
571
399
813
818
822
827
832
836
519
522
840
845
849
854
859
863
868
872
876
886
518
516
521
526
530
331
336
674
535
539
332
336
674
543
548
553
557
561
331
566
526
336
679
571
575
331
336
580
331
336
332
336
331
336
584
589
399
814
818
822
827
831
836
520
523
841
845
3498
331
336
854
859
403
863
868
872
877
886
519
399
814
818
822
3475
831
836
520
523
841
845
850
331
336
854
859
403
863
404
867
872
876
885
518
399
813
818
823
827
832
836
519
522
840
845
849
332
336
854
858
403
863
867
872
876
885
518
399
814
818
822
827
831
836
520
523
841
845
850
331
336
854
3318
595
417
545
551
858
422
426
527
533
575
578
580
582
584
587
589
3240
593
596
598
600
602
605
604
713
612
858
408
863
408
408
867
872
876
885
518
517
399
867
872
876
885
519
408
517
521
526
530
534
539
544
548
553
557
814
818
822
827
831
836
520
523
841
845
850
331
336
669
594
417
545
551
858
421
426
527
533
575
578
579
583
584
587
588
591
593
596
597
601
602
605
603
713
613
854
408
408
408
858
863
867
872
3525
885
399
858
863
868
872
408
876
886
519
517
521
525
530
535
539
543