8518
874
879
884
888
893
897
901
905
910
914
919
923
928
901
906
910
914
919
923
928
901
906
910
914
919
923
928
901
906
910
914
919
923
928
901
906
910
914
919
923
928
901
906
910
914
919
923
928
901
906
910
915
919
924
928
901
905
910
914
919
923
928
901
905
910
914
919
923
928
901
906
910
915
919
924
928
901
905
910
914
919
923
928
901
905
910
914
919
923
928
901
906
910
915
919
924
928
901
905
910
914
919
923
928
901
906
910
915
919
924
3576
901
906
910
915
919
924
928
901
905
910
914
919
923
928
901
906
910
915
919
924
928
901
906
910
915
919
924
928
901
906
910
915
919
924
928
901
905
910
914
919
923
928
901
906
910
915
919
924
928
901
906
910
915
919
924
928
901
906
910
915
919
924
928
901
906
910
915
919
924
928
901
905
910
914
919
923
928
901
905
910
914
919
923
928
901
3554
910
915
919
924
928
901
906
910
915
919
924
928
901
905
910
914
919
924
928
901
906
910
914
919
924
928
901
905
910
915
919
923
928
901
906
910
914
919
924
3576
901
906
910
914
919
924
928
901
906
910
914
919
924
928
901
905
910
915
919
923
928
901
905
910
915
919
923
928
901
905
910
915
919
923
928
901
906
910
914
919
924
928
901
905
910
915
919
923
928
901
906
910
914
919
924
928
901
906
910
914
919
3572
928
901
905
910
915
919
923
928
901
905
910
915
919
923
928
901
905
910
915
919
923
928
901
905
910
915
919
923
3576
901
906
910
914
919
924
928
901
905
910
915
919
923
928
901
906
910
914
919
924
928
901
906
910
914
919
924
928
901
905
910
915
919
923
928
901
905
910
914
919
924
928
901
905
910
914
919
924
928
901
905
910
914
919
924
928
901
905
910
914
919
924
928
901
905
910
914
919
924
928
901
906
910
915
919
3571
928
901
905
910
914
919
924
928
3549
905
910
914
919
924
928
901
905
910
914
919
924
928
901
905
910
914
919
924
928
901
905
910
914
919
924
928
901
905
910
914
919
924
928
901
906
910
915
919
923
928
901
905
910
914
919
924
928
901
905
910
914
919
924
3576
901
905
910
914
919
924
928
901
905
910
915
919
923
928
901
906
910
915
919
924
928
901
906
910
915
919
923
928
901
3554
910
915
919
923
928
901
905
910
914
919
924
928
901
905
910
914
919
924
928
901
905
910
914
919
924
928
901
905
910
914
919
924
928
901
906
910
915
919
923
928
901
905
910
914
919
924
928
901
905
910
914
3567
924
928
901
906
910
915
919
923
928
901
906
910
915
919
923
928
901
905
910
914
919
924
928
901
906
910
915
919
923
928
901
905
910
914
919
924
928
901
905
910
914
919
924
928
901
905
910
914
919
924
928
901
905
910
914
919
924
928
901
905
910
914
919
924
928
901
906
910
915
919
923
928
901
906
910
915
919
923
928
901
905
910
915
919
923
928
901
906
910
914
919
924
928
901
905
910
915
919
923
928
901
905
910
915
919
923
928
901
906
910
915
919
924
928
901
905
910
914
919
923
928
901
906
910
914
919
924
928
901
906
910
915
919
924
928
901
905
910
914
919
923
928
901
905
910
915
919
923
928
901
905
910
914
919
924
928
901
905
910
914
919
924
928
901
906
910
915
919
923
928
901
905
910
914
919
924
928
901
905
910
914
919
924
928
932
937
941
946
950
955
960
933
937
941
946
950
955
960
933
937
941
946
950
955
959
933
937
942
946
951
955
960
932
937
942
946
951
955
960
932
937
942
946
951
955
960
932
937
942
946
951
955
960
964
969
973
977
982
987
991
996
1000
1005
1009
3661
1018
1022
933
937
941
946
950
3603
959
964
969
973
977
982
987
991
933
938
942
942
933
938
933
937
938
938
933
937
933
938
933
938
933
937
942
946
950
955
959
3612
968
933
933
933
933
933
933
933
937
942
946
951
955
959
964
969
973
933
933
933
932
937
941
946
950
955
959
964
969
973
977
982
987
991
933
937
942
946
951
955
959
933
937
942
946
951
955
959
933
937
942
946
951
955
959
933
937
942
946
951
955
959
933
937
942
946
951
955
959
933
3585
942
946
951
955
959
933
937
942
946
951
955
959
932
937
942
946
950
955
960
932
937
942
946
950
955
960
932
937
942
946
950
955
960
964
969
973
978
982
986
991
933
937
941
946
951
955
959
933
937
941
946
951
955
959
964
969
973
978
982
986
991
995
933
937
941
946
951
955
959
964
932
937
942
946
950
955
960
932
937
942
946
950
955
960
933
937
941
946
951
955
959
933
937
941
946
951
955
959
933
937
941
946
951
955
959
932
937
942
946
950
955
960
933
937
941
946
951
955
959
933
937
941
946
951
955
959
932
937
942
946
950
955
960
3581
937
941
946
951
955
959
