132
135
138
140
143
145
148
150
153
155
157
160
162
165
167
170
172
175
178
180
183
185
187
190
192
195
198
200
203
205
208
210
213
215
217
220
222
225
228
230
233
235
238
240
243
132
135
138
132
135
137
140
143
145
147
132
133
135
137
140
142
135
132
132
135
138
140
244
147
242
137
239
144
187
134
134
134
134
137
139
141
234
229
142
231
2837
139
139
244
147
242
137
239
144
187
134
134
137
176
139
189
234
229
141
231
139
244
147
242
137
239
144
187
134
134
137
176
139
189
234
229
142
232
139
244
147
242
137
239
144
187
134
134
134
177
139
136
189
234
229
142
232
139
244
147
242
137
239
144
187
134
134
134
177
139
189
234
229
141
231
139
244
147
242
137
239
144
187
134
134
142
137
134
136
144
139
139
142
176
189
191
139
211
136
214
137
146
229
134
204
194
196
202
199
234
232
237
134
139
141
141
139
244
141
136
242
141
134
234
144
229
141
232
189
139
134
139
244
146
241
136
239
144
187
134
2782
139
234
229
142
232
189
139
139
244
146
241
136
239
144
187
134
134
139
142
234
229
142
231
189
139
139
244
146
241
136
239
144
187
134
134
137
141
234
229
141
232
189
139
139
244
147
242
137
239
144
186
134
134
139
142
192
139
212
136
214
136
136
144
146
229
134
204
194
196
202
199
234
232
139
134
236
134
139
141
142
189
139
244
146
241
136
239
144
187
134
134
137
142
234
229
141
232
189
139
139
244
146
241
136
239
144
187
134
134
139
139
137
144
234
229
142
232
189
139
139
244
147
242
137
239
144
186
134
134
141
142
177
189
234
229
142
232
139
139
244
141
137
241
141
134
234
144
229
141
232
189
139
134
139
244
146
241
136
239
144
187
134
134
137
134
136
144
139
234
229
141
231
189
139
139
244
147
242
137
239
144
186
134
134
139
134
136
144
139
141
234
229
141
231
189
139
139
244
147
242
137
239
144
186
134
134
136
142
234
229
142
231
189
139
139
244
146
241
136
239
144
187
134
134
141
144
234
229
141
232
189
139
139
244
147
242
137
239
144
186
134
134
142
189
234
229
142
231
139
139
244
141
234
136
144
229
141
231
189
139
134
139
244
147
242
137
239
144
186
134
134
142
189
176
234
229
141
231
139
139
244
142
234
137
144
229
142
232
189
139
134
139
244
147
242
137
239
144
186
134
134
142
177
189
234
229
142
232
139
139
244
142
177
137
134
234
144
229
141
232
189
139
134
139
244
146
241
136
239
144
187
134
134
171
134
234
229
141
2880
189
139
139
244
147
242
137
239
144
186
134
134
134
234
229
141
231
189
139
139
244
147
242
137
239
144
186
134
134
134
234
229
142
232
189
139
139
244
147
242
137
239
144
186
134
134
134
234
229
142
232
189
139
139
244
147
242
137
239
144
186
134
134
142
134
189
144
139
136
234
229
141
231
139
139
244
146
241
136
239
144
187
134
134
171
234
229
141
231
189
139
139
244
146
241
136
239
144
187
134
134
171
176
189
174
234
229
141
231
139
139
244
147
242
137
239
144
186
134
134
162
176
189
164
234
229
142
232
139
139
244
2810
134
234
137
144
229
141
231
189
139
134
139
244
147
242
137
239
144
186
134
134
162
176
189
234
229
142
232
139
139
244
162
176
137
189
164
134
234
144
229
142
231
139
134
139
244
162
176
137
189
164
134
234
144
229
142
232
139
134
139
244
162
189
136
134
234
144
229
141
232
139
134
139
244
146
241
136
239
144
187
134
134
161
176
189
234
229
142
232
139
139
244
162
176
137
189
164
134
234
144
229
141
232
139
134
139
244
162
189
137
164
134
234
144
229
142
231
139
134
139
244
146
241
136
239
144
187
134
134
144
139
234
229
142
231
189
139
139
244
147
242
137
239
144
186
134
134
144
139
234
229
141
232
189
139
139
244
146
241
136
239
144
187
134
134
141
234
229
142
232
189
139
139
244
146
241
136
239
144
187
134
134
132
135
137
140
132
234
229
142
232
189
139
139
244
146
241
136
239
144
187
134
134
149
189
234
229
142
231
139
139
244
147
242
137
239
144
186
134
134
149
189
234
229
142
231
139
139
244
147
242
137
239
144
186
134
134
149
189
136
133
144
135
132
234
229
142
232
139
139
244
147
242
137
239
144
186
134
134
152
189
149
177
137
132
144
135
139
137
140
141
143
132
135
138
234
229
141
232
139
139
244
146
241
136
239
144
187
134
134
151
189
149
177
137
132
144
135
139
137
140
141
143
132
135
138
140
142
234
229
141
232
139
139
244
147
242
137
239
144
186
134
134
149
189
176
134
132
234
229
142
232
139
139
244
149
239
134
133
176
136
134
139
189
187
234
144
229
142
231
139
134
139
244
146
241
136
239
144
187
134
134
149
189
139
177
234
229
142
232
139
244
146
241
136
239
144
187
134
134
149
189
132
135
138
140
142
145
148
150
139
177
234
229
141
231
139
244
147
242
137
239
144
186
134
134
152
189
177
139
132
234
229
142
232
139
244
147
242
137
239
144
186
134
134
152
189
156
177
139
132
154
135
137
234
229
141
232
139
244
147
242
137
239
144
186
134
134
157
189
176
139
159
132
135
234
229
142
231
139
244
147
242
137
239
144
186
134
134
152
189
177
139
234
229
141
231
139
244
146
241
136
239
144
187
134
134
136
133
144
135
177
189
234
229
142
232
139
139
244
146
239
134
136
137
144
234
137
144
229
142
231
189
139
134
139
244
147
242
137
239
144
186
134
134
149
189
177
136
132
144
135
139
138
140
142
143
139
234
229
142
232
139
244
147
242
137
239
144
186
134
134
149
189
176
136
132
144
135
139
138
140
142
143
139
234
229
141
232
139
244
147
242
137
239
144
186
134
134
176
139
189
234
229
141
231
139
244
146
241
136
239
144
186
134
134
162
177
189
234
229
141
231
139
139
244
161
177
137
134
189
147
234
144
229
141
232
139
134
139
244
162
189
136
176
187
134
146
234
144
229
142
232
139
134
139
244
146
241
136
239
144
187
134
134
164
234
229
142
232
189
139
139
244
146
241
136
239
144
187
134
134
164
177
189
234
229
142
232
139
139
244
164
242
137
239
144
176
189
186
134
234
229
141
232
139
134
139
244
146
241
136
239
144
186
134
134
164
176
189
234
229
141
231
139
139
244
164
136
234
144
229
141
232
189
139
134
139
244
146
241
136
239
144
187
134
134
164
176
189
234
229
142
232
139
139
244
164
136
186
134
167
234
144
229
141
231
189
139
134
139
244
146
241
136
239
144
187
134
134
164
176
189
2882
229
141
231
139
139
244
164
136
134
189
186
134
234
144
229
142
231
139
139
244
147
242
137
239
144
186
134
134
167
176
189
234
229
141
231
139
139
244
167
137
234
144
229
141
232
189
139
134
139
244
146
241
136
239
144
187
134
134
164
177
189
234
229
141
231
139
139
244
164
137
189
234
144
236
134
143
186
134
134
139
229
142
231
134
139
244
146
241
136
239
144
187
134
134
164
176
189
234
229
141
231
139
139
244
164
136
134
189
234
144
237
134
142
187
134
134
139
229
141
231
139
244
146
241
136
239
144
187
134
134
166
189
139
137
139
144
139
212
214
134
137
147
191
229
134
204
137
194
196
202
199
234
231
237
134
139
141
216
141
244
146
241
136
239
144
187
134
134
166
177
236
134
234
229
141
231
189
139
139
244
146
241
136
239
144
187
134
134
166
142
145
147
150
152
155
234
229
142
232
189
139
139
244
146
241
136
239
144
187
134
134
166
177
139
189
234
229
141
231
139
244
147
242
137
239
144
186
134
134
162
177
189
234
229
142
232
139
139
244
161
136
187
134
176
189
146
234
144
229
142
232
139
134
139
244
146
241
136
239
144
187
2782
134
161
189
134
139
144
234
229
142
232
139
139
244
146
241
136
239
144
187
134
134
171
189
234
229
141
232
139
139
244
146
241
136
239
144
187
134
134
159
177
189
234
229
141
231
139
139
244
159
234
136
144
229
142
231
189
139
134
139
244
147
242
137
239
144
186
134
134
162
177
189
234
229
141
231
139
139
244
161
177
137
189
187
134
147
234
144
229
141
232
139
134
139
244
162
136
186
134
176
189
147
234
144
229
142
231
139
134
139
244
146
241
136
239
144
187
134
134
159
176
189
162
234
229
142
232
139
139
244
162
137
186
134
177
189
147
234
144
229
141
232
139
134
139
244
147
242
137
239
144
186
134
134
189
176
134
134
234
229
141
231
139
139
244
187
176
136
189
239
134
139
134
234
144
229
141
231
139
134
139
244
187
239
139
133
234
136
144
229
141
231
189
139
134
139
244
147
242
137
239
144
186
134
134
189
177
134
139
234
229
141
231
139
139
244
186
239
139
132
234
137
144
229
142
231
189
139
134
139
244
146
241
136
239
144
187
134
134
171
189
234
229
142
231
139
139
244
146
241
136
239
144
187
134
134
171
189
234
229
142
231
139
139
244
146
241
136
239
144
187
134
134
166
177
139
189
234
229
142
232
139
244
146
241
136
239
144
187
134
134
166
189
176
234
229
142
232
139
139
244
147
242
137
239
144
186
134
134
169
176
189
234
229
141
231
139
139
244
169
189
136
134
146
234
144
229
142
232
139
134
139
244
146
241
136
239
144
187
134
134
169
189
172
166
177
234
229
141
231
139
139
244
169
134
136
166
176
172
146
234
144
229
142
232
189
139
134
139
244
146
241
136
239
144
187
134
134
169
189
177
234
229
142
232
139
139
244
136
169
134
147
234
144
229
142
231
189
139
134
139
244
147
242
137
239
144
186
134
134
169
189
234
229
142
231
139
139
244
147
242
137
239
144
186
134
134
167
176
139
189
234
229
141
231
139
244
146
241
136
239
144
187
134
134
166
177
189
234
229
141
231
139
139
244
136
167
177
134
189
244
147
242
137
239
144
186
134
134
169
189
177
167
234
229
141
231
139
139
244
169
136
146
234
144
229
141
231
189
139
134
139
244
146
241
136
239
144
187
134
134
169
189
177
166
234
229
142
232
139
139
244
169
137
167
177
134
187
146
234
144
229
142
232
189
139
134
139
244
146
241
136
239
144
187
134
134
166
169
176
189
234
229
141
232
139
139
244
169
241
137
239
144
134
146
234
229
141
231
189
139
134
139
244
146
241
136
239
144
187
134
134
171
139
141
234
229
141
231
189
139
139
244
146
241
136
239
144
187
134
134
174
176
237
134
139
136
142
234
229
141
232
189
139
139
244
146
241
136
239
144
187
134
134
174
176
237
134
137
234
229
141
231
189
139
139
244
147
242
137
239
144
186
134
134
174
177
189
236
134
234
229
141
231
139
139
244
174
176
136
242
239
144
189
237
186
134
146
234
229
142
231
139
134
139
244
146
241
136
239
144
187
134
134
229
139
192
204
136
2790
146
194
134
197
202
199
232
141
184
144
137
234
189
139
244
146
241
136
239
144
186
134
134
229
139
191
204
137
141
147
194
139
196
201
199
231
142
179
134
136
144
234
189
139
244
146
241
136
239
144
187
134
134
181
139
137
134
234
229
141
231
189
139
139
244
146
241
136
239
2792
187
134
134
181
134
136
139
142
234
229
141
231
189
139
139
244
146
241
136
239
144
187
134
134
229
139
192
204
136
142
146
194
139
197
202
199
232
141
182
144
234
189
139
244
147
242
137
239
144
187
134
134
229
139
192
204
136
142
146
194
134
197
202
199
231
142
184
234
237
134
134
139
144
139
189
139
244
146
241
136
239
144
187
134
134
229
139
192
204
136
142
146
194
139
196
201
199
232
141
182
144
137
134
234
189
139
244
146
241
136
239
144
187
134
134
229
139
192
204
136
142
146
194
134
197
202
199
231
142
179
234
236
134
143
145
148
150
144
152
155
157
160
134
189
139
244
147
242
137
239
144
187
134
134
229
139
192
204
136
142
146
194
197
201
199
231
141
182
144
134
136
234
189
139
244
146
241
136
239
144
186
134
134
229
139
191
204
137
141
147
194
139
197
202
199
232
141
182
144
2782
184
234
189
139
244
146
241
136
239
144
186
134
134
229
139
191
204
137
141
147
194
136
197
202
199
232
141
179
234
237
134
142
144
145
148
134
189
139
244
146
241
136
239
144
187
134
134
176
139
189
234
229
142
232
139
244
146
241
136
239
144
187
134
134
176
139
189
234
229
141
231
139
244
147
242
137
239
144
186
134
134
176
139
189
234
229
141
231
139
244
146
241
136
239
144
187
134
134
184
189
177
234
229
141
231
139
139
244
136
186
134
184
147
234
144
229
141
231
189
139
134
139
244
146
241
136
239
144
187
134
134
189
234
229
141
231
139
139
244
137
187
134
146
234
144
229
142
231
189
139
134
139
