24783
5938
5542
5756
5562
6586
5582
5796
5602
6018
5623
5835
5643
6260
5663
8523
5683
6098
5702
5916
8370
6543
5743
5955
5763
8826
5782
5996
5802
6421
8470
6036
5842
6258
5863
8723
5883
7108
5902
6116
9972
6338
5942
6156
5962
6337
5739
10001
5746
6162
5767
10029
5786
6607
5807
14524
5786
10046
5803
6422
5824
10072
9866
8940
6039
5846
6667
14736
3261
3361
12018
3367
3289
3324
3288
3284
3285
3297
3304
3311
3318
3407
3412
10616
3045
5655
2965
2978
12291
3261
3361
14463
3367
3289
3324
3288
5932
3287
3332
3302
3354
3403
3402
3335
3047
2964
12291
3261
3361
11815
3367
3289
3324
3288
3284
3287
3332
3302
3354
3403
3403
3336
3047
2964
12291
3261
3361
14463
3367
3289
3324
3288
5932
3285
3332
3303
3301
3358
3407
3412
2969
3045
2968
12291
3261
3361
11815
3367
3289
3324
3288
3284
3285
3332
3303
3353
3403
3402
3335
5695
2964
14939
3261
3361
11815
3367
5937
3324
3288
3284
3292
3292
3301
3308
3320
3320
3321
2965
819
810
819
810
819
4860
2990
3007
3014
2970
3043
2984
3055
2985
3003
3083
5664
3067
3061
3069
3078
3080
3119
3121
3131
3048
5770
3070
5713
3067
11800
2969
11725
3077
2989
2991
3084
3009
3087
3016
3099
3061
3019
3018
3036
12089
3262
3361
14261
3367
3289
3324
3288
5932
3290
3390
3389
3318
3400
3362
3325
2966
14737
3262
3361
11613
3367
3289
3324
3288
3284
3290
3305
819
810
819
810
819
810
3394
3394
3322
3405
3371
2958
2964
12089
3262
3361
11613
3367
3289
3324
3288
3284
3287
3304
3394
3393
3322
3405
3372
2958
2964
14736
3261
3361
11613
3368
3288
3324
3288
3284
3290
3305
3351
3307
3380
3321
3396
2959
5601
2970
2976
3056
2989
3040
3034
3042
3051
3053
3092
3094
3014
3014
3113
3031
6563
3052
3048
3088
3054
12089
3262
3361
11613
6015
3289
3324
3288
3284
3287
3305
3394
3393
3322
3405
3372
2958
2964
12089
3262
3361
11613
3367
3289
3324
5936
3284
3290
3302
3304
5964
3403
3403
3336
3047
3003
2960
2973
12088
3261
6009
11613
3368
3288
3324
3288
3284
3293
3305
3336
3354
3403
3403
5984
3047
2956
2969
12147
3315
12077
3057
2962
2964
3057
2982
3060
2989
3072
3034
2992
2991
3009
12089
3262
3361
11613
3367
3289
5972
3288
3284
3287
3297
3304
3316
3315
3408
3411
2968
3045
3007
2965
2978
12088
3261
3361
11613
3368
3288
3324
3288
3284
3290
5945
3304
3316
3316
3315
3417
3044
2966
3050
3012
2969
5630
12088
3261
3361
11613
3368
3288
3324
3288
3284
3288
5953
3394
3394
3322
3405
3371
2958
2964
12089
3262
3361
11613
3367
3289
3324
3288
3284
3293
3307
3394
3393
3322
3405
6020
2958
2964
14736
3261
3361
11613
3368
3288
3324
3288
3284
3292
5993
3394
3394
3322
3405
5973
2966
12341
3306
3403
11663
3338
3044
2966
3050
3012
2969
5617
2987
12088
3261
3361
14261
3368
3288
3324
3288
3284
3292
3345
3337
3398
3398
3326
3414
2958
2964
12340
3306
3403
11662
3338
3045
5615
3049
3011
2970
2969
2986
12088
3261
3361
11613
3368
3288
3324
5936
3284
3292
3332
3349
3399
3398
3327
3414
2958
2964
14993
3310
3350
11671
2961
3048
2973
3051
2980
3063
3025
2983
2982
3000
12089
3262
3361
11613
3367
3289
3324
3288
3284
3323
3297
812
3394
3393
3322
6053
3372
2958
2964
12088
3261
3361
11613
3368
3288
3324
3288
3284
3285
815
847
806
3389
3389
3317
3401
3363
3325
2966
12088
3261
3361
11613
3368
3288
3324
3288
3284
3285
3390
6037
3318
3400
3362
3325
2966
12088
3261
3361
11613
3368
3288
3324
3288
3284
3285
815
847
806
3390
3389
5966
3400
3362
3325
2966
12088
3261
3361
14261
3368
3288
3324
3288
3284
3292
3297
3349
3308
3315
3317
3416
3045
2966
3050
2965
2978
12089
3262
3361
11613
3367
3289
3324
3288
3284
3323
3390
3389
3317
3401
3363
3325
2966
12089
3262
3361
14261
3367
3289
3324
3288
3284
3323
3332
3349
3339
3403
3402
3335
3047
2956
2968
12088
3261
3361
11613
6016
3288
3324
3288
3284
3312
3332
3349
3329
3403
3403
3336
3047
5604
2969
12345
5978
3319
3416
11304
2969
3047
2975
3059
3021
2978
2978
2996
14736
3261
3361
11613
3368
5936
3324
3288
3284
3312
3332
3349
3399
3398
3327
3414
2958
2964
12345
3330
3350
15130
3005
2977
2964
5704
2983
3061
2989
3072
2988
2987
5648
11588
2979
2999
11721
3020
3000
2987
3079
3005
3083
3012
3094
3010
3009
3027
13231
3002
3034
14392
2999
3093
3018
3096
3025
3108
3023
3023
3041
11886
3262
3361
14869
3367
3289
3324
3288
3284
3313
3332
3349
3399
3398
3327
3414
2958
2964
14790
3330
3350
12482
3005
2977
2964
5705
2982
3060
2989
3072
2987
2987
5653
11588
2979
3011
11924
5643
2982
3074
3001
3079
3007
3090
3006
3005
3022
11886
5910
3361
12221
3367
3289
3324
3288
3284
5943
3302
3394
3394
3322
3405
3371
2958
2964
11885
3261
3361
12221
3368
3288
5972
3288
3284
3295
3302
3394
3393
5970
3405
3372
2958
2964
11886
3262
3361
12221
3367
3289
3324
3288
3284
3300
822
822
3390
3389
3318
3400
3362
3325
2966
14534
3262
3361
12221
3367
3289
3324
3288
3284
5883
6097
5905
8968
8821
3407
3412
2969
3045
3007
2965
2977
11886
3262
3361
12221
3367
3289
3324
3288
3284
3300
3345
3394
3394
3322
3405
3325
2966
14533
3261
3361
12221
3368
3288
3324
3288
3284
3300
3345
3394
3394
3322
3405
3325
2966
11885
3261
3361
14869
3368
3288
3324
3288
3284
3300
3345
5952
5897
3320
6116
8545
3416
3045
2967
3049
2965
2977
14533
3261
3361
12221
3368
3288
3324
3288
3284
3302
3344
3309
3341
829
831
3313
5907
3334
5757
5608
5567
5986
2976
5595
5748
5560
6179
3070
3069
2998
3081
2996
3009
11886
3262
3361
12221
3367
3289
3324
3288
3284
3303
3344
3309
3341
829
831
3313
5907
3334
5757
2960
5567
5986
2976
5595
5911
5751
5562
5977
5586
3070
3069
2998
3081
2996
3009
14533
3261
3361
12221
3368
5936
3324
3288
3284
3300
3344
3337
3306
5902
3407
3412
2969
3045
2960
2973
15002
3332
3054
2955
5551
2999
11726
2977
2983
3029
3031
3083
3010
3088
3016
3099
3015
3014
3031
11886
3262
3361
12221
3367
3289
3324
3288
3284
3300
3344
3302
3341
819
819
819
819
819
819
819
819
3403
3403
3336
3047
2964
11886
3262
3361
12221
3367
3289
3324
3288
3284
3300
3344
5892
6106
5913
6328
5937
5779
5580
6197
2965
3003
3065
3065
2993
3077
3000
11885
3261
3361
12221
3368
3288
3324
3288
3284
3302
3344
3336
3307
819
819
819
5902
3407
3412
2969
3045
2968
11885
3261
3361
14869
3368
3288
3324
3288
3284
3302
3344
5965
3341
829
831
3311
819
819
819
819
819
819
823
823
823
827
827
827
827
827
827
819
819
819
5910
3336
5765
5569
835
835
835
819
819
819
835
835
835
819
819
819
835
835
835
819
819
819
835
835
835
819
819
819
835
835
835
3052
3051
2980
3063
7031
11885
3261
3361
14869
3368
3288
3324
3288
3284
3307
3344
3337
3307
3328
819
819
819
819
819
3467
819
819
819
819
819
819
819
819
819
5910
6128
827
827
827
819
819
819
831
831
831
819
819
819
831
831
831
3049
3043
2971
3054
7027
11885
3261
3361
12221
3368
3288
3324
3288
3284
3302
3344
3336
3307
819
819
819
3403
3402
3335
3047
2964
11886
3262
3361
12221
3367
3289
3324
3288
3284
3295
5888
3311
6107
3345
3363
3389
3394
3336
3047
2956
2969
11755
2962
3053
2972
2966
2987
2983
3070
12148
3001
3079
3007
3090
3052
3010
3010
3027
14533
3261
3361
12221
3368
5936
3324
3288
3284
3300
3344
3336
829
830
3308
5902
3325
6125
2962
8210
5982
2972
5590
3326
826
827
826
3048
3047
2985
3067
2991
11885
3261
3361
12221
3368
3288
3324
3288
3284
3300
3344
3337
829
830
3308
5902
3325
6125
2962
5562
8630
2972
5590
3312
820
820
820
820
820
3418
3042
2971
3058
2982
11885
3261
6009
12221
3368
3288
3324
3288
3284
3328
3298
820
3349
3398
3398
3326
3414
2966
11886
3262
3361
12221
3367
3289
5972
3288
3284
3312
3332
3349
3398
3398
3326
3414
2958
2964
12142
3331
3350
12482
2961
5650
2982
3075
3000
3078
3007
3090
3005
3005
3023
11593
2984
3016
14577
5989
3355
3320
3330
3043
2969
3065
2994
3076
2992
2991
3009
14534
3262
3361
12221
3367
3289
3324
3288
3284
3315
3390
3389
3318
3400
3362
3325
2966
12089
5910
3361
12018
3367
3289
3324
3288
3284
5963
3332
3349
3399
3398
3327
3414
2958
2964
11737
3333
3415
12077
3055
2969
2995
3011
3014
2977
3070
3069
2998
3081
2996
2996
5662
12089
3262
3361
12018
6011
3288
3324
3288
3284
3315
3332
3349
3398
3398
3326
3414
2958
2964
14385
3333
12067
3416
2971
3042
2971
3054
3016
2974
2973
5639
12089
3262
3361
14666
3367
3289
3324
3288
3284
3315
3332
3349
3399
3398
3327
3414
2958
2964
11737
3333
12067
3369
2962
2980
3052
2978
3056
2984
3068
3030
2987
2987
3005
12089
3262
3361
14666
3367
3289
3324
3288
3284
3315
3332
3349
6046
3398
3326
3414
2958
2964
11737
3333
12067
3320
3004
3000
2964
3056
2983
3061
2989
3072
2988
3000
12088
3261
3361
12018
3368
3288
5972
3288
3284
3317
3332
3349
6046
3398
3326
3414
2958
2964
11737
3335
14716
3416
2971
3042
2971
3054
3016
2974
2973
2991
12089
3262
3361
12018
3367
3289
3324
3288
3284
3315
3332
3349
3398
3398
3326
3414
2958
2964
11737
3333
14716
3371
3050
2969
3055
2973
9101
3018
2982
2994
2988
3079
3007
3090
3000
3018
12089
3262
3361
12018
3367
3289
3324
3288
3284
3315
3332
3349
3398
3398
3326
3414
2958
2964
14385
3333
12067
3320
3004
3048
2974
3059
2977
9106
3022
2987
2999
2992
3083
3011
3095
3018
12089
3262
3361
12018
3367
3289
3324
3288
3284
3318
3345
3306
3313
3319
3325
3325
3027
3028
2960
2963
2981
3023
3065
2999
3049
2994
3048
3055
3064
3067
3106
3108
3117
3035
5960
3056
3116
3056
12089
3262
3361
14666
3367
3289
3324
3288
3284
3318
3332
3397
3306
6051
3402
3335
3047
3002
2961
2973
12089
3262
6009
12018
3367
3289
3324
3288
3284
3318
8823
8974
5931
6144
5951
9222
3390
6037
3318
3400
3362
3325
2966
12089
3262
3361
12018
3367
3289
3324
3288
3284
3318
3332
3302
822
3353
3403
3402
3335
3047
2964
12088
3261
3361
12018
6016
3288
3324
3288
3284
3312
3332
3349
3399
3398
3327
3414
2958
2964
12345
5979
11865
3369
2961
2990
3007
2969
3061
2987
3065
2994
3076
2992
2991
3009
12089
3262
3361
12018
3367
3289
3324
5936
3284
3313
3345
3301
3311
829
3320
3407
3412
2969
3045
2960
2973
12089
3262
3361
12018
3367
3289
3324
3288
3284
3323
3344
3394
3393
3322
3405
3325
2966
12089
3262
3361
12018
3367
3289
5972
3288
3284
3310
3332
3349
3398
3398
3326
3414
2958
2964
12345
3328
3408
14522
2971
3043
2971
3054
3016
2974
2974
2991
12088
5909
3361
12018
3368
3288
3324
3288
3284
5960
3332
3349
3398
3398
3326
3414
2958
2964
15196
3331
3350
14319
3005
3031
2996
3000
3093
3018
3096
3025
3108
3023
3023
3041
11791
2979
11717
3014
2977
3013
3029
3311
3403
3329
3413
2962
3077
2992
2992
3009
12089
3262
3361
12018
3367
3289
3324
5936
3284
3310
3332
3349
3326
3403
3403
3336
3047
2956
5617
12349
3335
11874
3002
2960
2994
3012
2973
3066
5639
3069
2998
3081
2996
2996
3014
12088
3261
3361
12018
3368
3288
3324
3288
3284
3340
3332
3314
3306
3394
3398
3326
3414
2958
2964
12340
3351
3346
11667
3372
3054
2967
5612
2964
3061
2987
3065
2993
3077
5640
2992
3009
14441
3000
3057
2969
5560
3066
11937
2996
3074
3002
3086
3048
3005
3005
3023
12088
3261
3361
12018
6016
3288
3324
3288
3284
3340
3332
3313
3311
3394
3398
3326
3414
2958
2964
12341
3351
6056
3320
5916
3049
11712
2974
3052
2980
3063
3025
2983
2983
3000
12089
3262
3361
12018
3367
3289
3324
3288
3284
3323
3344
3394
3394
3322
3405
3325
2966
14737
3262
3361
12018
3367
3289
3324
3288
3284
3323
3345
6042
3394
3322
3405
3325
2966
12089
3262
3361
12018
3367
3289
3324
3288
3284
3318
3332
3302
3354
3403
3403
3336
3047
2964
12089
3262
3361
12018
3367
3289
3324
3288
3284
3318
3344
3337
3399
3398
3327
3414
2958
2964
12088
3261
3361
12018
3368
3288
3324
5936
3284
3320
3332
3349
3398
3398
3326
3414
2958
2964
14993
3338
3363
11874
2961
2960
3052
2978
3056
2985
3067
2983
2982
3000
14737
3262
3361
12018
3367
3289
3324
3288
3284
3320
3344
3345
3327
3341
3403
3411
2968
3045
2961
2973
12340
3333
3315
11874
2982
2990
2989
5617
3061
2987
3065
2994
3076
3038
5645
2996
3013
12089
3262
3361
12018
3367
3289
3324
3288
3284
3320
3362
3359
3390
3389
3318
6053
2958
2964
12336
11852
3333
3315
2962
3047
2974
3052
2980
3063
3025
2983
2983
3000
12088
3261
3361
14666
3368
3288
3324
3288
3284
3320
3345
6042
3394
3322
3405
3325
2966
14736
3261
3361
12018
3368
5936
3324
3288
3284
3317
3332
3303
815
6001
3403
3402
3335
3047
2964
14737
3262
3361
12018
3367
3289
3324
3288
3284
3318
5980
3349
3398
3398
3326
3414
2958
2964
12345
14509
3340
3359
2961
3002
12088
3261
3361
14666
3368
3288
3324
3288
5932
3320
3345
3336
3331
3403
3402
3335
3047
2956
2968
14993
3338
11864
3329
3050
2969
3047
2975
3059
3021
2978
2978
2996
12089
3262
3361
12018
3367
3289
3324
5936
3284
3320
5993
5998
3327
3399
3398
3336
3047
2956
2969
14988
3333
11860
3349
2992
2959
3004
2969
3061
2987
3065
2994
3076
3038
2997
2996
3013
12089
3262
3361
12018
3367
3289
3324
3288
3284
3318
3324
2995
3011
3394
3393
5970
3405
3326
2960
12340
3333
3411
11865
3422
2971
2959
2974
3065
3065
2993
3077
3039
2996
2996
3014
12089
3262
3361
14666
3367
3289
3324
3288
5932
3323
3302
812
3309
3398
3398
3326
3414
3004
5604
2968
12089
3262
3361
12018
3367
3289
3324
3288
3284
3325
3332
3396
3306
3315
3317
3332
3050
3042
2971
3054
3016
2974
2986
12089
3262
3361
14666
3367
3289
3324
3288
3284
3325
3332
3396
3306
3313
3408
3411
2968
3045
3007
2965
2978
12088
3261
3361
12018
3368
3288
3324
3288
3284
3325
3332
3349
3401
3310
3408
3411
2968
3045
2961
2973
12354
3356
5640
11505
3059
3061
2983
3021
3072
5675
2991
2996
3088
3088
3016
3099
3015
3014
3031
12089
3262
3361
14666
3367
3289
3324
3288
3284
3380
3298
3351
3368
3309
5971
3336
3010
2955
3014
3024
3026
3063
2989
3025
2997
2994
3088
3047
3014
11683
3262
3361
12221
3367
3289
3324
3288
3284
3380
3298
3352
3369
3309
3322
3337
3009
2960
3015
3024
3026
3063
2989
3020
2986
2993
3006
3092
3052
3018
12291
3262
3361
11613
3367
3289
3324
3288
3284
5981
3302
3304
3306
3403
3402
3335
3047
3002
2961
2973
14939
3262
3361
11613
3367
5937
3324
3288
3284
3333
3297
3304
3311
3318
3408
3411
2968
3045
3007
2965
7027
12291
3262
3361
11613
3367
3289
3324
3288
3284
3380
3298
5999
3368
3309
3323
3336
3010
2960
3014
3024
3026
3063
2989
3022
2996
3083
3043
7058
12088
3261
3361
11815
3367
3289
3324
3288
3284
3380
3298
3351
3368
3309
3323
5984
3010
2955
3014
3024
3026
3063
2989
3025
3079
3086
3003
5923
3022
3019
3018
3065
3032
11886
3262
3361
12221
6015
3289
3324
3288
3284
3380
3298
3351
3368
3309
3323
3336
3010
2960
3015
3024
3026
3063
2989
3022
2997
2994
2996
3092
3052
3018
12089
3262
3361
11613
3367
3289
3324
3288
3284
3380
3298
5999
3368
3309
3323
3336
3010
2955
3014
3024
3026
3063
2989
3020
3079
3086
3004
8728
8475
5634
6049
3028
5659
5871
9728
5892
3053
3093
3058
14533
3261
3361
12018
3367
5937
3324
3288
3284
3380
3298
3351
3368
3309
3323
3336
3010
3010
3020
3022
3059
2984
5665
2992
2987
2993
3088
3047
7063
12089
3262
6009
11816
3368
3288
3324
3288
3284
3380
3298
3352
6017
3309
3322
3337
3009
2960
3014
5672
3026
3063
2989
3022
2997
5639
3038
3093
3052
3018
11683
3262
3361
12019
3368
3288
3324
3288
3284
3380
3298
3352
3369
3309
3322
3337
3009
2957
3014
3024
3026
5711
2989
3019
5727
3086
3004
8728
3014
5629
8286
3031
3070
3036
12089
3262
3361
14261
3367
3289
3324
3288
5932
3328
3298
3349
3399
3398
3327
3414
2966
12089
3262
3361
14261
3367
3289
3324
3288
3284
3328
3298
808
3349
809
3398
3398
3326
3414
2966
14736
3261
3361
11613
3368
3288
3324
3288
3284
3328
3298
3349
3398
3398
3326
3414
2966
12089
3262
3361
11613
3367
3289
3324
5936
3284
3335
3344
3336
3398
3398
3326
3414
2958
5612
12142
11658
3360
3328
3000
2960
3052
2978
3056
2984
3068
3030
2987
2987
3005
12089
3262
3361
11613
3367
3289
3324
3288
3284
3340
3389
3389
3317
3401
5964
3333
12133
11649
3351
3315
3320
3417
2971
3043
2971
3054
3016
2974
2974
2991
