5638
5035
69005
67604
67771
67770
67771
67604
67771
67770
67770
67770
67604
67771
67771
70252
67770
67603
67603
67603
67604
67771
67603
70251
67604
67603
67770
70247
67770
67604
67604
67771
67771
67770
67770
67770
67599
67604
67604
67604
67603
67771
67771
67771
70252
67771
67771
70251
67770
67770
70251
67771
67770
67770
67771
67770
67771
67771
67604
67604
67604
67604
67771
67771
67770
67770
67770
67771
67771
70251
67770
67603
67603
67770
67604
67771
67771
70251
67603
67604
67771
67770
67770
67603
67604
67770
70251
70252
67604
67770
67771
67604
67771
67770
70252
67771
67771
67603
67770
67771
67604
67770
67603
67770
67604
67770
56062
57453
57043
57223
57043
57043
57043
52162
49747
57249
52367
61006
64867
57812
52368
57608
57249
57248
57249
57248
57249
57249
57402
57043
57402
58456
57402
60824
51190
60825
57043
57223
54395
57043
57222
54574
57223
57787
57043
56863
