5022
5035
121098
115257
115459
115459
115459
115459
111191
114852
114852
114852
114852
114852
114852
114852
114852
112204
112204
114852
112204
114852
114852
114852
114852
114852
112204
114852
112204
114852
114852
110178
113839
113839
113839
113839
113839
113839
111191
113839
113839
113839
113839
113839
113839
111191
111191
113839
113839
113839
113839
113839
113839
113434
113231
113231
110583
110583
113231
113231
113231
113231
110583
113235
113231
113231
113231
113231
113231
113231
112826
113231
113231
113231
113231
113231
113231
113231
113231
113231
110583
113231
113231
110583
113231
113231
110583
113231
110583
113231
110583
113028
112420
112421
112421
112218
112421
111812
111610
111204
111205
108151
108151
110799
110799
110799
121160
117953
118358
118362
118357
115709
118357
119014
119468
117345
118407
119771
127374
117547
118609
117750
117750
117750
117750
117750
117750
117750
117953
117953
115305
118811
117952
119242
117724
116594
117953
117953
117952
117952
117952
117953
117952
117952
118357
118358
