0.090208
0.08056
1.10408
1.081664
1.084336
1.08432
1.084336
1.081664
1.084336
1.08432
1.08432
1.08432
1.081664
1.084336
1.084336
1.124032
1.08432
1.081648
1.081648
1.081648
1.081664
1.084336
1.081648
1.124016
1.081664
1.081648
1.08432
1.123952
1.08432
1.081664
1.081664
1.084336
1.084336
1.08432
1.08432
1.08432
1.081584
1.081664
1.081664
1.081664
1.081648
1.084336
1.084336
1.084336
1.124032
1.084336
1.084336
1.124016
1.08432
1.08432
1.124016
1.084336
1.08432
1.08432
1.084336
1.08432
1.084336
1.084336
1.081664
1.081664
1.081664
1.081664
1.084336
1.084336
1.08432
1.08432
1.08432
1.084336
1.084336
1.124016
1.08432
1.081648
1.081648
1.08432
1.081664
1.084336
1.084336
1.124016
1.081648
1.081664
1.084336
1.08432
1.08432
1.081648
1.081664
1.08432
1.124016
1.124032
1.081664
1.08432
1.084336
1.081664
1.084336
1.08432
1.124032
1.084336
1.084336
1.081648
1.08432
1.084336
1.081664
1.08432
1.081648
1.08432
1.081664
1.08432
0.896992
0.919248
0.912688
0.915568
0.912688
0.912688
0.912688
0.834592
0.795952
0.915984
0.837872
0.976096
1.037872
0.924992
0.837888
0.921728
0.915984
0.915968
0.915984
0.915968
0.915984
0.915984
0.918432
0.912688
0.918432
0.935296
0.918432
0.973184
0.81904
0.9732
0.912688
0.915568
0.87032
0.912688
0.915552
0.873184
0.915568
0.924592
0.912688
0.909808
