0.080352
0.08056
1.937568
1.844112
1.847344
1.847344
1.847344
1.847344
1.779056
1.837632
1.837632
1.837632
1.837632
1.837632
1.837632
1.837632
1.837632
1.795264
1.795264
1.837632
1.795264
1.837632
1.837632
1.837632
1.837632
1.837632
1.795264
1.837632
1.795264
1.837632
1.837632
1.762848
1.821424
1.821424
1.821424
1.821424
1.821424
1.821424
1.779056
1.821424
1.821424
1.821424
1.821424
1.821424
1.821424
1.779056
1.779056
1.821424
1.821424
1.821424
1.821424
1.821424
1.821424
1.814944
1.811696
1.811696
1.769328
1.769328
1.811696
1.811696
1.811696
1.811696
1.769328
1.81176
1.811696
1.811696
1.811696
1.811696
1.811696
1.811696
1.805216
1.811696
1.811696
1.811696
1.811696
1.811696
1.811696
1.811696
1.811696
1.811696
1.769328
1.811696
1.811696
1.769328
1.811696
1.811696
1.769328
1.811696
1.769328
1.811696
1.769328
1.808448
1.79872
1.798736
1.798736
1.795488
1.798736
1.788992
1.78576
1.779264
1.77928
1.730416
1.730416
1.772784
1.772784
1.772784
1.93856
1.887248
1.893728
1.893792
1.893712
1.851344
1.893712
1.904224
1.911488
1.87752
1.894512
1.916336
2.037984
1.880752
1.897744
1.884
1.884
1.884
1.884
1.884
1.884
1.884
1.887248
1.887248
1.84488
1.900976
1.887232
1.907872
1.883584
1.865504
1.887248
1.887248
1.887232
1.887232
1.887232
1.887248
1.887232
1.887232
1.893712
1.893728
