942
764
1005
1119
951
828
828
828
832
832
832
832
832
832
832
832
832
832
832
832
832
832
1054
955
1123
747
751
787
1443
1447
960
782
787
1452
1009
1063
1457
791
1461
3662
1466
756
756
756
978
800
1018
1128
987
755
20400
760
796
1132
1073
1077
24659
17112
1470
810
1068
755
760
1081
1086
996
818
823
827
1023
1137
1014
1091
996
818
823
827
1023
1137
1014
1086
996
818
823
827
1023
1137
1014
1091
996
819
823
828
1023
1137
1014
1086
996
818
823
827
1023
1137
1014
1091
996
818
823
827
1023
1137
1014
1086
996
818
823
827
1023
1137
1014
1091
996
819
823
828
1023
1137
1014
1086
996
819
823
828
1023
1137
1014
1090
996
819
823
828
1023
1137
1014
1086
996
818
823
827
1023
1137
1014
1091
996
818
823
827
1023
1137
1014
1086
996
818
823
827
1023
1137
1014
1091
996
819
823
828
1023
1137
1014
1086
996
819
823
828
1023
1137
1014
1090
996
818
823
827
1023
1137
1014
1086
996
818
823
827
1023
1137
1014
1091
996
818
823
827
1023
1137
1014
1086
996
818
823
827
1023
1137
1014
1091
996
818
823
827
1023
1137
1014
1086
996
819
823
828
1023
1137
1014
1090
996
818
823
827
1023
1137
1014
1086
996
819
823
828
1023
1137
1014
1090
996
818
823
827
1023
1137
1014
1086
996
818
823
827
1023
1137
1014
1091
996
818
823
827
1023
1137
1014
1086
996
818
823
827
1023
1137
1014
1091
996
819
823
828
1023
1137
1014
1086
996
818
823
827
1023
1137
1014
1091
996
819
3471
828
1023
1137
1014
1086
996
818
823
827
1023
1137
1014
1091
996
818
823
827
1023
1137
1014
1086
996
818
823
827
1023
1137
3662
1091
996
818
823
827
1023
1137
1014
1086
996
819
823
828
1023
1137
1014
1090
996
819
823
828
1023
1137
1014
1086
996
819
823
828
1023
1137
1014
1090
996
819
823
828
1023
1137
1014
1086
996
818
823
827
1023
1137
1014
1091
996
819
823
828
1023
3785
1014
1086
996
819
823
828
1023
1137
1014
1090
996
819
823
828
1023
1137
1014
1086
996
819
823
828
1023
1137
1014
1090
996
819
823
828
1023
1137
1014
1086
996
819
823
828
1023
1137
3662
1090
996
818
823
827
1023
1137
1014
1086
996
818
823
827
1023
1137
1014
1091
996
818
823
827
1023
1137
1014
1086
996
818
823
827
1023
1137
1014
1090
996
819
823
828
1023
3785
1014
1086
996
818
823
827
1023
1137
1014
1090
996
819
823
828
1023
1137
1014
1086
996
819
823
828
1023
1137
1014
1090
996
818
823
827
1023
1137
1014
1086
996
819
823
828
1023
1137
1014
1090
996
819
823
828
1023
1137
1014
1086
996
819
823
828
1023
1137
1014
1090
996
819
823
828
1023
1137
1014
3734
996
819
823
828
1023
1137
1014
1090
996
819
823
828
1023
1137
1014
1086
996
819
823
828
1023
1137
1014
1090
996
819
823
828
1023
1137
1014
1086
996
818
823
827
1023
1137
1014
1091
996
818
3471
827
1023
1137
1014
1086
996
819
823
828
1023
1137
1014
1090
996
819
823
827
1023
1137
1014
1086
996
819
823
828
1023
1137
1014
1090
996
819
823
3476
1023
1137
1014
1086
996
818
823
827
1023
1137
1014
1091
996
818
823
827
1023
1137
1014
1086
996
818
823
827
1023
1137
1014
1091
3644
818
823
827
1023
1137
1014
1086
996
819
823
828
1023
1137
1014
1090
996
819
823
828
1023
1137
1014
1086
996
819
823
828
1023
1137
1014
1090
996
818
823
827
1023
1137
1014
1086
996
818
823
827
1023
1137
3662
1091
996
819
823
828
1023
1137
1014
1086
996
819
823
828
1023
1137
1014
1090
996
818
823
827
3671
1137
1014
1086
996
818
823
827
1023
1137
1014
1091
996
818
823
827
1023
1137
1014
1086
996
819
823
828
1023
1137
1014
1090
996
3466
823
827
1023
1137
1014
1086
996
818
823
827
1023
1137
1014
1091
996
819
823
828
1023
1137
1014
1086
996
819
823
828
1023
1137
1014
1090
996
818
823
827
1023
1137
1014
1086
996
818
823
827
1023
1137
1014
1090
996
819
823
828
1023
1137
1014
3734
996
819
823
3476
1023
1137
1014
1091
996
818
823
827
1023
1137
1014
1086
996
819
823
828
1023
1137
1014
1091
996
3467
823
828
1023
1137
1014
1086
996
819
823
828
1023
1137
1014
1090
996
818
823
827
1023
1137
1014
1086
996
818
823
827
1023
1137
1014
1091
996
819
823
828
1023
1137
1014
1086
996
819
823
828
1023
1137
1014
1090
996
818
823
827
1023
1137
1014
1086
996
818
823
827
1023
1137
1014
1091
996
818
823
827
3671
1137
1014
1086
996
819
823
828
1023
1137
1014
1090
996
818
823
827
1023
1137
1014
1086
17949
1095
756
760
756
760
755
760
756
760
755
760
756
755
760
756
760
1100
823
19800
1095
756
760
827
1100
823
17152
1095
755
760
828
1099
823
16776
1095
756
760
828
1099
823
16776
1095
756
760
827
1100
823
19424
1095
755
760
756
760
756
760
755
760
756
760
837
755
760
1251
755
760
751
751
751
751
756
760
751
751
751
751
755
760
751
837
828
756
760
756
760
756
760
755
760
755
760
755
760
756
760
756
760
755
760
755
760
756
760
755
760
755
760
756
760
755
755
756
760
755
760
755
760
755
760
755
1018
841
845
850
1028
1141
1037
1100
755
760
1095
823
20177
1104
20559
1095
756
760
1100
823
17537
1095
755
760
755
760
756
756
1099
823
17153
1095
756
760
756
760
1100
823
17153
1095
756
760
755
760
1099
823
17153
1095
756
760
755
760
756
760
756
760
755
760
755
760
756
760
755
3408
756
760
1099
823
17153
1095
755
760
755
760
755
760
3403
760
755
760
755
1100
823
17153
1095
756
760
1019
841
846
850
1027
1142
1036
1099
1095
823
19971
1104
16777
1095
755
760
3404
760
756
760
755
760
1100
823
16777
1095
756
760
756
760
836
755
760
1251
755
760
751
751
751
751
755
760
751
751
751
751
1099
823
19428
1095
756
3408
756
760
756
760
755
760
1100
823
19427
1095
755
760
756
760
751
836
828
755
760
1099
823
16780
1095
756
760
1019
841
845
850
1028
1141
1037
1100
1095
823
16984
1104
16779
1095
755
760
1018
841
846
850
1027
1142
1036
1099
823
16778
1100
1104
828
19427
1095
755
760
1019
841
845
850
1028
1141
1037
1100
823
16779
1099
1104
16780
1095
756
760
755
760
1100
823
16780
1095
756
760
1099
823
16780
1095
756
760
751
84
751
751
1100
823
16780
1095
756
760
1100
823
16779
1095
755
760
756
760
756
756
760
755
755
760
755
760
1019
1018
1018
1019
1019
1018
1019
1019
1019
1018
1019
755
760
756
760
1019
1018
1018
1019
1019
1018
1019
1019
1019
1018
1019
756
760
755
756
755
760
755
760
1018
1019
1019
1018
1018
1018
1019
1019
1019
1018
1019
756
760
1018
1019
1019
1018
1018
1019
1018
1018
1018
1019
1018
755
760
755
760
756
1100
823
16780
1095
756
760
1100
823
16779
1095
755
760
1099
823
19427
1095
755
760
1019
841
845
850
1028
1141
1037
1100
823
832
16778
1099
1104
16779
1095
755
760
1019
841
845
850
1028
1141
1037
1100
823
1041
863
868
873
1032
1146
1059
17322
1099
1104
1064
886
890
895
1037
1150
1082
20377
1099
1104
17938
841
841
1099
1104
18232
1095
756
760
1018
841
845
850
1028
1141
1037
1100
823
1041
863
3516
872
1032
1146
1059
17107
1099
1104
17102
836
837
1099
1104
17474
1095
755
760
756
760
756
760
756
760
1100
823
17473
1095
755
760
755
760
756
760
756
760
755
760
1100
823
17474
1095
755
760
1100
823
17473
1095
756
760
1099
1104
1108
823
20327
1095
3404
760
1099
823
20328
1095
755
760
1099
823
20327
1095
3404
760
1100
1104
1109
823
20328
1095
755
760
827
828
1100
1104
1109
1104
1113
823
20328
1095
755
760
828
827
1099
1104
1108
1099
1104
823
17680
1095
756
760
1018
841
845
850
1028
1141
1037
1100
1109
832
1095
823
1104
20387
832
1113
17679
1095
756
760
828
827
828
827
828
827
828
827
1099
823
17680
1095
755
760
1100
827
828
827
828
827
828
827
828
1104
823
17679
1095
756
760
827
828
828
1100
827
828
828
827
827
3476
828
1104
823
17680
1095
755
760
828
827
828
827
827
828
827
827
828
828
828
828
828
827
828
827
827
828
827
828
1099
828
1104
827
1108
828
827
828
827
827
827
827
828
827
828
827
828
828
827
827
828
827
828
828
828
828
828
828
827
827
828
827
828
828
827
827
828
828
828
827
828
827
827
827
827
828
827
828
828
828
827
827
828
1113
823
17679
1095
756
760
827
828
828
827
828
827
828
828
828
828
828
828
827
827
827
1100
827
828
828
827
828
827
827
827
828
827
828
827
827
827
828
827
828
827
827
827
827
828
827
828
828
828
1104
823
17679
1095
756
760
827
828
828
1100
823
20328
1095
755
760
1100
1019
841
845
850
1028
1141
1037
1100
823
17739
1104
1109
17679
1095
756
760
828
827
1100
1104
1109
827
827
828
1104
823
17679
1095
756
760
828
827
1100
1104
1109
827
827
827
828
827
1099
823
17679
1095
756
760
827
1100
823
17679
1095
755
760
1019
841
846
850
1027
1142
1036
1100
823
1041
864
868
872
1032
1146
1059
17322
1100
1104
827
17102
837
1099
828
1104
20331
1095
755
760
1100
823
17155
1095
755
760
1018
841
846
850
1027
1142
1036
832
1099
823
17735
1099
832
1104
19806
1095
755
760
1018
841
846
850
1027
3790
1036
828
1099
823
19970
1099
1104
19806
1095
755
760
1019
841
845
850
1028
1141
1037
3747
823
1099
17734
1104
19807
1095
756
760
1018
841
846
850
1027
1142
1036
1100
823
19970
3748
1104
17158
1095
755
760
1019
841
845
850
1028
1141
1037
1099
823
17322
1100
1104
17159
1095
756
760
1018
841
846
850
1027
1142
1036
1099
823
17322
1099
1104
1108
1113
17159
1095
756
760
1018
841
846
850
1027
1142
1036
1100
823
17322
1100
1104
1108
1113
17159
1095
756
760
755
760
71302
1474
1479
1483
1488
827
1100
823
17155
1095
755
760
1142
755
3408
828
1104
836
764
769
827
828
837
764
769
1099
823
17156
1095
756
760
1100
823
17156
1095
756
760
827
3747
823
17155
1095
755
760
1019
841
846
850
1027
1142
1036
832
1100
823
832
17107
1100
1104
19806
1095
755
760
1099
823
17155
1095
755
760
1099
823
17155
1095
755
760
1018
841
845
850
1028
1141
1037
1100
823
17108
1100
1104
17159
1095
756
760
1018
841
845
850
1028
1141
1037
1041
864
877
882
1032
1146
1068
1104
837
3485
1095
823
837
20176
1108
836
19956
1100
1095
20565
1095
755
760
1018
841
845
850
1028
1141
1037
832
1099
823
17107
1100
832
1104
17158
1095
3403
760
1100
1019
841
846
850
1028
1141
1037
1099
823
1041
864
877
881
1032
1146
1068
20176
1104
1108
17101
1104
1109
17159
1095
756
760
1099
1018
841
845
850
1028
1141
1037
1100
823
17735
1104
1109
19806
1095
755
760
828
1100
823
19803
1095
755
760
827
1100
823
17156
1095
756
760
827
1099
823
17155
1095
755
760
828
827
1099
823
17155
1095
755
760
1019
841
846
850
1027
1142
1036
832
1099
823
17107
832
1100
1104
17159
1095
756
760
1018
841
845
850
1028
1141
1037
832
832
1100
823
832
17108
1100
832
832
832
832
1104
17159
1095
756
760
1018
841
845
850
1028
1141
1037
832
1099
832
832
1095
823
17108
832
832
1104
19806
1095
756
760
1099
823
17155
1095
755
760
827
1099
823
17156
1095
756
760
1019
841
846
850
1027
1142
1036
832
1100
823
17108
832
17158
1095
755
760
1019
841
846
850
1027
1142
1036
1100
823
832
832
832
832
832
832
832
832
832
832
832
17528
1099
1104
17158
1095
755
760
1019
3489
846
850
1027
1142
1036
832
832
832
1099
823
17528
1100
832
1104
19806
1095
755
760
1018
841
845
850
1028
1141
1037
1100
832
832
832
1095
823
17108
832
832
832
832
832
832
832
832
832
832
832
832
832
832
832
832
832
832
832
832
832
832
832
832
832
832
832
832
832
832
832
832
832
832
832
832
832
832
832
832
832
832
832
832
832
832
832
832
832
832
832
832
832
832
832
1104
17159
1095
756
760
755
760
755
760
756
760
1099
823
17156
1095
756
760
1141
756
760
827
1104
837
765
769
828
828
837
837
836
837
836
1109
823
19803
1095
755
760
1142
755
760
828
1104
836
764
769
827
828
827
827
1108
823
17155
1095
755
760
1142
755
760
828
1104
837
765
769
828
828
1019
841
845
850
1028
1146
1036
832
832
832
1108
823
17735
859
1108
765
769
859
832
832
3480
1113
17158
1095
1099
755
760
756
760
3404
760
755
760
756
760
756
760
756
760
755
760
755
760
764
755
760
755
760
765
755
760
755
760
756
760
756
4810
823
17155
1095
1099
756
760
756
760
756
760
756
760
755
760
756
760
756
760
755
760
755
760
756
760
756
760
755
760
755
760
756
760
756
760
755
760
755
760
755
760
756
760
756
760
756
760
755
760
756
760
756
760
756
760
756
760
755
760
755
760
756
760
755
760
823
17539
1095
755
760
756
760
755
760
755
760
1099
823
17539
1095
756
760
756
760
755
760
755
760
755
760
755
760
755
760
1099
823
17539
1095
1099
755
760
756
760
755
760
756
760
756
760
755
760
755
760
756
760
756
760
756
760
756
760
755
760
755
760
755
760
756
760
755
760
823
20562
1095
1099
755
760
755
760
756
760
755
760
756
760
764
764
755
760
756
760
755
760
765
765
755
760
755
760
756
760
756
760
756
760
755
760
756
760
756
760
765
755
760
823
17914
1095
3748
755
760
756
760
755
760
756
760
755
760
756
760
755
760
756
760
755
760
755
760
756
760
755
760
756
760
755
760
755
760
755
760
755
760
755
760
755
760
756
760
755
760
823
20562
1095
1099
755
760
755
760
1104
756
760
756
760
756
760
823
17914
1095
1100
755
760
756
760
755
760
765
756
760
755
760
756
760
765
755
760
755
760
823
17914
1095
1100
756
760
755
760
756
760
755
760
756
760
765
755
760
765
756
760
764
756
760
764
765
756
760
764
756
760
765
756
760
764
755
760
764
764
764
756
760
4805
760
755
760
755
760
756
760
755
760
765
756
760
764
756
760
755
760
765
756
760
764
764
764
765
765
765
765
764
764
764
764
765
765
765
764
764
764
764
765
765
765
765
764
764
764
765
765
765
765
764
764
764
755
760
756
760
764
755
760
765
4805
760
755
760
755
760
823
20562
1095
1099
756
760
756
760
1104
756
760
756
760
756
760
755
760
756
760
823
17914
1095
755
760
827
1100
823
20562
1095
756
760
828
828
1099
823
17914
1095
755
760
827
1099
823
17914
1095
755
760
1019
841
846
850
3675
1142
1036
832
832
832
1100
823
20184
1099
832
1104
17917
1095
755
760
1019
841
846
850
1027
1142
1036
832
832
832
1100
823
17537
1100
832
1104