2571
2571
2571
2571
2571
2571
2571
2572
2571
2572
2572
2572
2572
2572
2572
2571
2571
2572
2572
2571
2572
2572
2571
2572
2571
2571
2571
2572
2571
2572
2572
2572
2571
2572
2572
2571
2571
2571
2571
2571
2572
2572
2572
2572
5219
2572
2571
2571
2571
2572
2572
2572
2572
2572
2572
2571
2572
2572
2571
2572
2571
2571
2571
2572
2571
2571
2571
5220
2571
2571
2572
2572
2571
2571
2571
2572
2572
2572
2572
2571
2571
2571
2571
2572
2571
5219
2571
2571
2572
2571
2572
2572
2571
2572
2572
2572
2572
2572
2572
2572
2571
2571
2572
2571
232
293
2579
2579
233
293
2579
2579
232
293
2579
2580
232
293
2579
2579
233
293
2579
2579
232
293
2577
6624
2579
293
2579
2574
293
2574
2574
2574
5225
232
293
2574
2579
232
293
2574
2580
232
293
2574
2579
233
293
2579
2580
293
2579
2574
293
2574
232
293
2574
2580
233
293
2579
2580
232
293
2571
2579
2580
2579
2574
2577
232
293
2579
2579
233
293
2574
2579
232
293
2574
2579
233
293
2574
2580
233
293
5220
2574
2579
232
2574
2577
232
293
2574
2580
232
2574
2577
233
293
2574
2580
232
2574
2576
232
293
2574
2579
233
293
2574
2579
233
293
2574
2579
233
293
2574
2579
233
293
2574
2579
232
293
2574
2579
233
293
2579
2580
233
293
2579
2579
233
2574
2577
233
293
2574
2579
233
293
2574
2577
232
293
2574
2576
233
2574
2577
233
293
2574
2580
233
293
2574
2576
232
293
2574
2577
233
293
5222
2580
232
293
2574
2579
232
293
2574
2579
232
293
293
293
293
293
2579
2579
233
293
293
2574
2579
233
293
2574
2579
232
293
2572
2574
2580
233
293
293
293
7456
2574
2579
232
293
293
293
12183
2574
2579
233
293
2577
2579
2580
233
2574
2577
233
293
2579
2580
232
293
2574
2580
233
293
6628
2580
232
293
293
293
2574
2579
232
293
2574
2580
232
293
293
2579
2580
232
293
293
2571
2572
2579
2580
233
2574
2576
233
293
293
293
7462
6623
2580
2880
293
293
293
12183
2574
2580
232
293
539
2574
2579
233
293
2574
2580
232
2574
2576
232
293
2574
2576
232
293
2574
2579
233
293
2574
2579
233
293
2574
2577
232
293
2574
2579
2579
2574
2577
233
293
2574
2579
293
2580
2574
2577
233
293
2574
2579
2579
293
2574
2582
233
293
2574
2579
2579
2574
2576
232
293
2574
2579
2580
2577
293
293
293
2574
2576
232
293
2574
2579
2579
2576
293
293
293
2574
2582
232
293
2574
2574
293
2580
2574
293
2574
2580
232
293
2574
2579
2579
233
293
14379
2574
2579
232
293
339
2579
2580
232
293
2574
2579
232
293
2574
2576
232
293
2579
2579
233
293
2574
2579
232
293
2574
2579
233
2574
2576
232
293
2577
2574
2579
233
2574
2576
233
293
2574
2576
233
293
2579
2580
233
293
2574
2576
233
293
2572
2574
2579
233
5222
2576
232
2574
2577
233
293
2571
2574
2580
232
2574
5225
232
293
2574
2579
232
293
2574
2579
233
293
2579
2579
232
293
2574
2579
232
293
2574
2579
232
2579
2574
2577
233
293
2579
2580
233
2580
2574
2576
232
293
2572
2574
2580
232
2574
2576
233
293
2574
2579
233
293
2579
2580
232
293
2574
2579
232
233
293
2579
2580
5228
2574
2577
232
293
2579
2579
2574
2574
5222
2577
232
293
2577
2574
2579
232
2574
2577
232
293
2574
2580
233
293
2574
2574
2580
232
293
2574
2579
2579
233
293
2574
2577
2579
2580
233
2574
2574
2577
233
293
2580
2574
233
293
2580
2574
232
293
2579
2579
233
293
2579
2579
233
293
2580
2574
233
293
2580
2574
2579
2574
2574
232
293
2579
5222
233
293
2579
2574
2579
293
293
233
293
2579
2574
233
293
2579
2574
232
293
2580
2574
2579
293
293
233
293
2574
2579
233
293
2574
2579
232
293
2574
2579
232
293
2574
2579
233
293
2574
2576
232
293
2574
2574
232
293
2574
2577