21040
1977
1982
1987
1991
1995
2000
2005
2009
2013
2018
2023
2027
2031
2036
2041
2045
2049
2054
2059
2063
2067
2072
2077
2081
2085
2090
2095
2099
2103
2108
2113
2117
2121
2126
2131
2135
2140
2144
2148
2153
2158
2162
2167
2171
2176
2180
2184
2189
2193
2198
2203
2207
2212
2216
14601
2225
2230
2234
2239
2243
2247
2252
4965
2261
2265
2270
2261
1181
1181
2261
1181
1181
2261
1181
1181
2261
1181
1181
2261
3829
1181
2261
1181
1181
2261
1181
1181
2261
1181
1181
2261
1181
1181
2261
1181
1181
2261
3829
1181
2261
1181
1181
2261
1181
1181
2261
1181
1181
2261
1181
1181
2261
1181
1181
2261
1181
1181
2261
1181
1181
2261
1181
1181
2261
1181
1181
2261
1181
1181
2261
1181
1181
2261
1181
1181
2261
1181
1181
2261
1181
1181
2261
1181
1181
2261
1181
1181
2261
1181
1181
2261
1181
1181
2261
1181
1181
2261
1181
1181
2261
1181
1181
2261
1181
1181
2261
1181
1181
2261
1181
1181
2261
1181
1181
2261
1181
1181
4909
1181
1181
2261
1181
1181
2261
1181
1181
2261
1181
1181
2261
3829
1181
4909
1181
1181
4909
1181
1181
2261
1181
1181
2261
1181
1181
2261
1181
1181
2261
1181
1181
2261
1181
1181
2261
1181
1181
2261
1181
1181
2261
1181
1181
2261
1181
1181
2261
1181
1181
4909
1181
1181
2261
1181
1181
2261
1181
1181
2261
1181
1181
2261
1181
1181
2261
1181
1181
2261
1181
1181
2261
1181
1181
2261
1181
1181
2261
1181
1181
2261
1181
1181
2261
1181
1181
2261
1181
1181
2261
1181
1181
2261
1181
1181
2261
1181
1181
2261
1181
1181
2261
1181
1181
2261
1181
1181
2261
1181
1181
2261
1181
1181
2261
1181
1181
2261
1181
1181
2261
1181
1181
2261
1181
1181
2261
1181
1181
2261
1181
1181
2261
1181
1181
2261
1181
1181
2261
1181
1181
2261
1181
1181
2261
1181
1181
2261
1181
1181
2261
1181
1181
2261
1181
1181
4909
1181
1181
2261
1181
1181
2261
1181
1181
2261
1181
1181
2261
1181
1181
2261
1181
1181
2261
1181
1181
2261
1181
1181
2261
1181
1181
2261
1181
1181
2261
1181
1181
2261
1181
1181
2261
1181
1181
2261
1181
1181
2261
1181
1181
1181
10813
2281
2285
11029
2294
2299
4951
2306
2313
2317
2321
2326
2331
2335
2340
2348
10287
4627
1980
1984
1988
2316
1993
10608
2281
2285
10619
2295
2299
2304
2306
2313
2317
2322
2326
2331
2335
2339
2349
4994
1982
2316
1980
10607
2281
2286
10619
4942
2299
2303
2306
2312
2317
2321
4974
2331
2335
2340
2348
2347
1981
2316
1979
13461
2281
2286
10619
2294
2299
2303
2306
2312
2317
2321
2326
2331
2335
2340
2348
1982
1979
1980
2316
1984
10813
2281
2285
10619
2295
2299
2304
2306
2313
2317
2322
2326
2330
2335
2339
2349
2346
1982
2316
1980
10813
2281
2286
10619
2294
2299
2303
2306
2312
2317
2322
2326
2331
2335
2339
2349
1981
2311
1980
1984
1988
1993
1998
2002
2007
2000
2011
2015
2316
2020
2023
2029
2034
2038
2042
2047
2051
2056
2303
2060
6114
4778
2068
2072
2078
2076
2083
11133
1987
10525
1996
2000
2000
2006
1987
2013
2016
2020
2018
2025
2029
2033
2041
2036
2043
10402
2281
2285
10619
2294
2299
2303
2306
2312
2317
2322
2326
2330
2329
2335
2340
4997
2315
1982
10402
4929
2285
10619
2294
2299
2303
2306
2312
2317
2321
2326
2330
2335
2333
2340
2349
1982
2316
1979
10402
2281
2285
10824
2294
2299
2304
2306
4961
2317
2322
2326
2331
2335
2333
2339
2348
1981
2316
1980
10402
2281
2285
10824
2295
2299
2304
2306
2313
2317
2321
2326
2330
2335
2339
2348
2342
1982
1979
1984
1989
2316
1993
1996
4650
2007
2011
2015
2020
2025
2029
2034
2038
2302
2043
2047
4760
2049
2054
2061
2058
2065
2069
13050
2281
2286
10824
2294
2299
2303
2306
2312
2317
2322
2326
2331
2335
2333
2339
2348
1982
2316
1979
10402
2281
2285
10824
4943
2299
2304
2306
2313
2317
2322
2326
2331
2335
2340
2348
2347
1981
1979
1984
2316
1988
10402
2281
4934
10824
2294
2299
2303
2306
4960
2317
2321
2306
2326
2331
2335
2340
2348
2346
1982
1980
2316
1984
13727
2342
10885
1984
1982
1982
1989
2347
1996
1997
2002
4648
2007
2014
2015
2023
2018
2024
10607
2281
4934
10824
4942
2299
2303
2306
2312
2317
2322
2326
2330
2335
2340
2348
1982
1979
1980
1984
1988
2316
4641
10608
2281
2285
10824
2295
2299
2304
2306
2313
2317
2322
2326
2331
2335
2340
2348
1982
1980
1977
1984
1988
1993
2316
1998
13256
2281
2285
10824
2294
2299
2303
2306
2313
2317
2322
2326
2331
2335
2333
2339
2348
4629
2316
1980
10607
2281
2286
13472
2295
2299
2304
2306
2312
2317
2322
2326
2330
2335
2333
2340
2349
1982
2316
1979
10607
2281
2286
10824
2295
2299
4952
2306
2312
2317
2306
2322
2326
2330
2335
2333
2339
2348
2315
1981
11069
2333
2335
11284
4999
1982
1979
1977
1984
1991
1993
2000
1996
2002
10608
2281
2285
10824
2294
2299
2303
2306
2313
2317
2322
4974
1181
2330
2335
2340
2337
2349
1982
2316
1979
11275
2333
2335
11079
2351
4629
1980
1977
1984
1991
4641
2000
1996
2002
10608
2281
2286
10824
2295
2299
2304
2306
2312
2317
2322
2326
2331
2335
2339
2337
2349
4630
2316
1979
13927
2338
2342
11088
1981
1979
1986
4637
1993
1991
1997
2004
4655
2013
2009
2016
10608
2281
2285
13472
2294
2299
2303
2306
2313
2317
2321
2326
2331
2335
2333
2339
2348
4629
2316
1980
13255
2281
2286
13472
2295
2299
2304
2306
2312
2317
2321
2326
2331
2328
2335
2339
2348
2315
1981
10607
2281
2286
13472
2295
2299
2304
2306
2312
2317
2322
2326
2330
2329
2335
2340
2349
2315
1982
10607
2281
2286
13472
2295
2299
2304
4954
2312
2317
2322
2326
2330
2329
2335
2340
2349
2315
1982
10607
2281
2286
10824
2295
2299
2304
2306
2312
2317
2322
2326
2331
2335
2339
2348
1982
1979
1977
1984
1988
2316
1993
10608
2281
2285
10824
2294
2299
2303
2306
2313
2317
2322
2326
2330
2329
6384
2339
2348
2315
1981
13255
2281
2286
10824
2295
2299
2304
2306
2312
4965
2322
2326
2331
2335
2339
2349
2346
1982
1980
4964
1984
10607
2281
2286
10824
2295
2299
2304
2306
2312
2317
2321
2326
2331
1181
2335
2340
2348
2347
1981
1979
2316
1984
11279
2338
2340
2348
10720
1982
1984
1989
4634
1993
2000
2002
2009
2005
2011
10607
2281
2286
10824
2295
2299
2304
2306
2312
2317
2321
2326
1181
2331
2335
4987
2338
2348
1981
2316
1979
13927
2338
2342
10882
1984
1980
1982
1988
1995
1998
2002
2000
2006
2011
2018
2013
2020
11546
1989
1994
10733
2003
4650
2005
2011
2018
2020
2024
2022
2029
2033
2041
2036
2043
10341
2014
2019
10960
2020
2025
2032
2033
2038
2036
2042
2047
2054
2049
2056
10402
2281
2285
10825
2295
2299
2304
2306
2313
2317
2321
2326
1181
2330
2335
2340
2337
2349
1982
2316
1980
13312
2337
2342
10882
1984
1980
1982
1989
1996
1997
2002
2000
2007
2011
2018
2014
2020
10726
1989
1993
10527
1997
2000
2006
2013
4664
2020
2018
2025
2029
2036
2031
2038
10402
2281
2286
10825
2295
2299
2304
2306
2313
2317
2321
2326
2331
2335
2333
2340
2349
1982
2316
1980
10402
2281
2285
10824
4942
2299
2303
2306
2312
2317
2321
2326
2330
2335
2333
2339
2348
1981
2316
1979
10402
2281
2285
10824
2294
2299
2303
2306
2312
2317
2322
2326
2330
2328
2335
4987
2348
2315
1982
10402
2281
2285
10824
4942
2299
2303
2306
2312
2315
2319
2324
2329
5042
4988
2348
1982
1979
1980
1984
1988
2316
1993
10402
2281
2286
11030
2295
2299
2304
2306
2313
2317
2322
2326
2331
2335
2333
4988
2349
2315
1981
10402
2281
2286
11030
2295
2299
2304
2306
2313
2317
2321
2326
2330
2335
2333
2339
2348
2315
1982
10402
2281
2285
11029
2294
2299
2303
2306
2312
2317
2322
2326
2328
2335
2337
4977
2349
1981
1980
1978
1984
1989
2316
1993
10402
2281
2286
11030
2295
2299
2304
2306
2313
2317
2321
2326
2330
2335
2337
2348
4627
1979
1982
1986
1993
1995
1973
1982
1987
2002
2007
2011
4657
2016
2020
2316
2024
10402
2281
2285
10824
2294
2299
2303
2306
2312
2317
2321
2326
2330
2335
2337
2348
1979
4627
1982
1986
1993
1995
2343
1973
1982
1987
1995
2002
2006
2011
2009
2015
2020
2316
2024
10402
2281
2286
11030
2295
2299
2304
2306
2313
2317
2322
2326
2331
2333
2311
2340
2348
1982
1980
4627
1984
2316
1989
11083
2351
1984
1982
1982
1991
10733
1997
2002
2009
2013
1181
2016
2023
2024
2029
2027
2033
2038
2045
2040
2047
10402
4929
2286
13678
2295
2299
2304
2306
2313
2317
2321
2326
2330
2335
2339
2349
2347
1981
2316
1980
10402
2281
2285
11029
2294
2299
2303
2306
2312
2317
2322
2324
2329
2333
2337
2347
1979
1978
1982
1989
1993
1997
2002
2006
2004
2011
2316
2016
10402
2281
2286
11030
2295
2299
2304
2306
2313
2317
2321
2326
2331
2333
2339
2349
1981
1980
1979
2316
1984
10402
2281
2285
11029
2294
2299
2303
2306
2312
2317
2322
2326
2330
2335
2337
2348
1979
1977
1984
1988
1993
1991
1997
2316
2002
10402
2281
2285
11029
2294
4947
2303
2306
2312
2317
2322
2326
2331
2335
2337
2346
1981
1980
1984
1982
1988
2316
1993
10402
2281
2285
13677
2294
2299
2303
2306
2312
2317
2322
2326
2330
2335
2339
2349
2347
1981
2316
1980
13050
2281
2285
11029
2294
2299
2303
2306
2312
2317
2320
2326
2329
2335
4987
2322
2330
2349
2346
1982
1980
2316
1984
10682
1984
1982
1984
1991
1993
2000
2002
10746
2014
2015
2020
2018
2024
2031
2034
2040
2036
2042
10402
2281
2286
11030
2295
2299
2304
2306
2313
2317
2322
2326
2331
2333
4987
2346
1981
1977
1982
1989
1991
4997
1980
1984
1997
1995
2002
2316
2007
13050
2281
2285
11029
2294
2299
2303
2306
2312
4965
2322
2326
2330
2333
2340
2347
1982
1978
1982
1988
1991
2335
2350
1979
1984
1982
1993
2316
1998
10402
2281
2285
11029
2294
2299
2303
2306
2312
2317
2321
2326
2330
2335
2340
2338
2348
2315
1981
13050
2281
2286
11030
2295
2299
2303
2306
2312
2317
2322
2326
1181
4979
2335
2339
2337
2349
1982
2316
1980
10869
2338
2342
10883
1981
1982
4652
2006
2013
2016
2020
4666
2024
2029
2036
2032
2038
13583
1993
1998
10736
2333
2337
2338
2352
1975
1982
2002
2007
2005
2011
2016
2022
4666
2024
10402
2281
2285
11029
4942
2299
2303
2306
2312
2317
2321
2326
2331
2328
2335
2339
2348
2315
1981
10402
2281
2286
10619
2295
2299
2304
2306
2312
2317
2322
2326
2330
2335
2340
2338
2348
1981
2316
1980
10664
2337
2342
11088
1984
1982
1986
1991
1996
1995
2002
2006
2011
2009
2015
2020
2027
2022
2029
10402
2281
2285
10619
2294
2299
2303
2306
2313
2317
2321
2326
1181
2330
2335
2340
2338
2348
1981
2316
1979
13312
2337
11081
2349
2342
1984
1979
1984
1982
1989
1996
1997
2005
2000
2007
10402
2281
2286
10619
2295
2299
2304
2306
2312
2317
2321
2326
2330
2335
2340
2338
2348
1981
2316
1980
13312
2337
11081
2351
1979
2343
4627
1984
1991
1993
1997
4643
2002
2009
2011
2018
4661
2020
10402
2281
2286
10619
2295
2299
4952
2306
2312
2317
2321
2326
2330
2335
2340
2338
2348
1981
2316
1980
10664
4985
11081
2351
2342
1984
1982
1982
1989
1996
1997
2002
2000
2006
2011
2347
2015
10402
2281
2286
10619
2295
2299
2304
2306
2312
2317
2321
4974
2330
2335
2340
2338
2348
1981
2316
1980
10664
2337
11081
2349
2342
1984
1980
1984
1982
1988
1995
1998
2004
4648
2007
10402
2281
2285
10619
2294
2299
2303
2306
2313
2317
2322
2326
2330
2335
2340
2338
4996
1981
2316
1980
13312
2338
11081
2351
4629
2343
1982
1977
1984
1987
7963
2000
2000
2005
2011
2015
2020
2018
2024
2031
2027
2034
10402
2281
2285
10619
2294
2299
2303
2306
2313
2317
2322
2326
2330
2335
2340
2338
2348
1981
2316
1980
10664
2338
11081
2351
2342
1984
1979
1987
1982
1989
1991
5320
2004
2004
2009
2015
2020
2024
2023
4677
2347
2033
10402
2281
2285
10619
2294
2299
2303
2306
2313
2317
2321
2326
2331
2335
2333
2329
2339
2348
1982
1980
1984
1988
1993
1998
2002
2004
2011
2016
2020
2025
2029
2034
2038
2043
2303
2047
2052
4764
2054
2058
2065
2070
2068
2316
10402
2281
2285
10619
2294
2299
2303
2306
2313
2317
2322
2326
2297
2331
2335
2340
2348
2347
1981
1980
1984
2316
1989
13050
2281
2286
10619
2295
2299
2304
2306
2312
2317
5234
2324
2328
2333
2338
2346
2322
2326
2330
2329
2335
2340
2349
2315
1981
10402
2281
2285
10619
2294
2299
2303
2306
2313
2317
2322
2326
2331
2335
4988
2348
2347
1981
2316
1979
10402
2281
2285
10619
2294
2299
2303
2306
2313
2317
2321
2326
1181
2331
2335
2339
2338
2348
1981
2316
1980
11485
2337
10669
4999
1979
1982
1986
1991
1993
2000
2002
2006
2005
2011
4664
2022
2018
2025
10402
2281
2285
13267
2294
2299
2303
2306
2313
2317
4969
2326
2330
2335
2340
2348
1982
1979
1980
1984
2316
1989
10402
4929
2286
10619
2295
2299
2304
2306
2312
2317
4965
2326
2330
2335
2333
2340
2349
2315
1982
10402
2281
2285
10619
2294
2299
2303
2306
2313
2317
2322
2326
1181
2331
2335
2339
2338
2348
1981
2316
1980
14133
2337
2339
10677
1984
1980
1984
1982
1988
1995
1998
2004
2000
2007
10402
2281
2285
10619
2294
2299
2303
2306
2313
2317
2321
2326
2312
2330
2335
2340
2338
2348
4629
2316
1980
10869
2337
2342
13736
1984
2016
2014
2022
2024
2031
2034
2038
2036
2042
2047
2054
4697
2056
11136
1989
10933
1996
1995
2007
2012
2333
2335
2342
2350
1975
1973
2011
2015
2023
2018
2025
10402
2281
2285
10619
2295
2299
2304
2306
2312
2317
2321
2326
2331
1181
2335
2339
2349
2346
1982
4628
2316
1984
10874
2342
10677
1984
1978
1986
1991
1996
1998
2005
2006
2011
2009
2016
2020
2027
2022
2029
10402
2281
2286
13267
2295
2299
2304
4954
2312
2317
2322
2324
2330
2326
2335
2340
2338
4996
1981
2316
1980
13718
2333
2338
11079
2351
1984
1978
1984
1988
1993
2000
2002
2006
2005
2011
2016
2022
2018
2024
10932
1984
1986
4632
1991
1998
10331
2009
2011
2016
4662
2020
2030
2029
2036
4680
2038
10402
2281
2286
10619
2295
2299
2304
2306
2312
2317
2321
2324
2331
2326
2335
2339
2337
2349
1982
2316
1979
11070
2333
2338
2340
2346
1982
10719
1987
1988
1993
1991
1998
2005
2006
2014
2009
2015
10402
2281
2285
10619
2294
2299
2303
2306
2313
2317
2322
4974
2330
2335
2333
2340
2349
2315
1982
10402
2281
2285
10619
2294
4947
2303
2306
2313
2317
2321
2326
2330
2335
2333
4988
2349
2315
1982
10402
2281
2286
10619
2295
2299
2304
2306
2312
2317
2321
2326
2330
2335
2339
2349
2346
1982
2316
1980
13050
2281
2285
10619
2294
2299
2303
2306
2313
2317
2322
2326
2331
2335
2339
2338
2348
1981
2316
1980
10402
2281
4933
10619
2294
2299
2303
2306
4961
2317
2322
2326
2330
2335
2340
2338
2348
1981
2316
1980
13722
2338
2342
10678
1982
1979
1982
1984
1991
1993
1998
1995
2002
2006
2014
2009
2015
10402
2281
2286
10619
2295
2299
2304
2306
2312
2317
2322
2339
1181
2326
2330
2335
2349
1981
1980
1979
1984
2316
1988
13718
2333
2335
13325
1982
1979
2339
1986
1991
1993
2000
2002
2006
2005
2011
2018
2020
2027
2022
2029
10402
2281
2285
10619
2294
2299
2303
2306
2313
2317
2306
2339
2348
2322
2326
2330
2328
2340
1982
2316
1980
11065
10655
2333
2335
1181
1984
1979
1986
1989
1993
1991
1997
2004
2007
2013
2009
2016
10402
2281
2286
10619
2295
2299
2304
2306
2312
2317
2322
2326
2331
2335
2333
2339
4996
2315
1981
10402
2281
2286
10619
2295
2299
2304
2306
2312
2317
2321
2326
4979
2335
2340
2348
2347
1981
2316
1979
13050
2281
2285
10619
2294
2299
2303
2306
2313
4965
2321
2326
2330
2335
2340
2338
4996
1981
2316
1980
11074
10664
2342
2351
1982
1982
10402
4929
2286
10619
2295
2299
2304
2306
2312
2317
2322
2326
2331
1181
4983
2339
2349
2346
1982
1980
2316
1984
11074
2338
13523
2351
1981
2343
1982
1984
1989
1986
1993
2000
2002
2009
2005
2011
10402
2281
2285
13267
2294
2299
2303
2306
2313
2317
4970
2340
2326
1181
2331
2335
2348
2347
1981
1979
2316
1984
13718
2333
10871
2333
2348
1984
1979
1977
1987
1991
1993
2000
2002
2007
2004
2011
2018
2020
2027
2023
2029
10402
2281
2285
10619
2294
2299
2303
2306
2313
2317
2322
1984
2312
1988
2326
2330
2335
2333
2339
2349
2316
1975
11070
2333
2338
10669
2351
1984
1980
1181
1995
1997
4650
2007
2004
2011
2018
2020
2027
2023
2029
10402
2281
2285
13267
2294
2299
2303
4954
2313
2317
2322
2326
2330
2335
2340
2337
2349
1982
1980
2316
1984
10402
2281
2286
10619
2295
4947
2304
2306
2312
2317
2321
2326
2297
2330
2335
2340
2349
1982
1979
1984
1982
1988
1993
1998
2316
2002
10402
2281
2285
10619
2294
2299
2303
2306
2313
2317
2322
2326
2297
2330
2335
2340
2348
1982
1979
1980
1984
1988
2316
1993
13050
2281
2286
10619
2295
2299
2304
2306
2312
2317
2321
2326
2331
2297
2335
2312
2340
2348
1982
4628
1979
1984
2316
1989
10673
2351
1984
13367
1987
1991
1993
2000
2004
1991
2009
2009
2018
2020
2025
2029
2027
2033
2038
2045
2041
2047
13050
2281
2286
10619
2295
2299
2304
2306
2312
2317
2322
4974
2330
2335
2340
2349
1981
1980
1984
2316
1988
1993
1998
2002
2000
2006
2011
2015
2020
2024
2029
10402
2281
2286
10825
2295
2299
2303
2306
2312
2317
2322
2326
2330
2335
2340
2349
1981
1980
1984
2316
1989
1993
1997
2002
2000
4655
2011
2016
2020
2025
2029
2034
10402
2281
2286
10619
4942
2299
2303
2306
2313
2317
2321
2326
2331
2335
2339
2349
2346
1982
1980
1984
2316
1989
10402
2281
2285
13267
2295
2299
2304
2306
2312
2317
4969
2326
2331
2335
2340
2348
1981
1980
1979
1984
1989
2316
1993
10402
2281
2285
10619
2295
2299
2304
2306
2312
2317
2322
2326
2330
2335
2340
2349
4629
1979
1984
2316
1988
1993
1998
2002
2000
2007
2011
2015
2020
2024
10402
2281
2285
10619
2295
2299
2304
2306
2312
2317
2322
2326
2330
4983
2340
2349
1981
1980
1984
2316
1988
1993
1997
2002
2000
2006
2011
2302
4664
2020
5144
2023
2029
2027
2034
6087
2043
2047
10402
2281
2286
10824
2294
2299
4951
2306
2312
2317
2322
2326
2330
2335
2340
2349
1981
1980
1984
2316
1988
1993
1997
2002
2000
2007
2011
2015
2020
2025
2029
2034
10402
2281
4933
10619
2294
2299
2303
2306
4961
2317
2321
2326
2331
2335
2339
2348
1982
1979
1984
4964
1989
1993
1998
2002
2000
2007
2011
2302
2016
2018
5346
2027
2032
2036
2042
2045
2050
2054
2059
2063
2069
2074
13050
2281
2286
10619
2294
2299
2303
2306
2312
2317
2322
4974
2330
2335
2340
2349
1981
1980
2316
1984
1989
1993
1997
1995
2002
2007
2011
2016
2020
2025
2029
10402
2281
2285
13062
2295
2299
2304
2306
2312
2317
2322
2326
2330
2335
2340
2349
1981
1980
1984
2316
1989
1993
1997
2002
2000
2006
2011
2016
2020
2025
2029
2034
10402
2281
2286
10413
2294
2299
2303
2306
2312
4965
2322
2326
2330
2335
2340
4997
1981
1980
1984
2316
1989
1993
1997
2002
2000
2007
2011
2303
2015
2018
4731
2029
2031
2036
2040
2047
2051
13050
2281
2285
10414
2295
2299
2304
2306
2313
4965
2321
2326
2331
2335
2339
2338
2348
2315
1982
10402
2281
2285
10414
2295
2299
2303
2306
2312
2317
2322
2326
2330
2335
2340
2337
2349
2315
1981
10402
2281
2286
10413
2294
2299
2303
2306
2312
2317
2322
2326
2331
2335
2339
2338
2348
2315
1982
10402
2281
2286
10413
2294
2299
2303
2306
2312
2317
2321
2326
1181
2331
2335
2339
2338
2348
1981
2316
1980
10869
10869
2342
2346
4632
1982
1984
1991
1993
1997
1996
2002
2009
2011
2018
2013
2020
10402
2281
2286
13061
2294
2299
2303
4954
2312
2317
1181
2322
2326
2330
2329
2335
2340
2310
4996
13508
10860
2333
2333
2342
2348
1984
1979
1984
1982
1989
1996
1997
2005
2000
2006