30021
3102
5281
3294
29854
3103
5281
4191
2013
3647
4568
28453
3102
5280
4192
2014
3647
4569
25972
3102
5280
4192
2014
3647
4569
25971
3103
5281
4191
2013
3647
4568
25972
3102
5280
6840
2014
3647
4569
28453
3102
5280
4192
2014
3647
4569
25972
3102
5280
4192
2014
3647
4569
25971
3103
5281
6839
2013
3647
4568
25971
3103
5281
4191
2013
6295
4568
25971
3103
5281
4191
2013
3647
4568
28453
3102
5280
4192
2014
3647
4569
25972
3102
5280
4192
4662
3647
4569
25972
3102
5280
4192
4662
3647
4569
25972
3102
5280
4192
2014
3647
7217
25971
3103
5281
4191
2013
6295
4568
28452
3103
5281
4191
2013
3647
4568
28452
3103
5281
4191
2013
3647
4568
28452
3103
5281
4191
2013
3647
4568
28453
3102
5280
4192
2014
3647
4569
25972
3102
5280
4192
2014
3647
4569
28452
3103
5281
4191
2013
3647
4568
25971
3103
5281
4191
2013
3647
7216
28453
3102
5280
4192
2014
3647
4569
25971
3103
5281
4191
2013
3647
4568
25971
3103
7929
4191
2013
3647
4568
25972
3102
5280
4192
2014
3647
7212
25971
3103
5281
4191
2013
3647
4568
28453
3102
5280
4192
2014
3647
4569
28453
3102
5280
4192
2014
3647
4569
28620
3102
5280
4192
2014
3647
4569
25972
3102
5280
4192
2014
3647
4569
25971
3103
5281
4191
2013
3647
4568
25971
3103
5281
6839
2013
3647
4568
28619
3103
5281
4191
2013
3647
4568
28448
3102
5280
4192
2014
3647
4569
28453
3102
5280
4192
2014
3647
4569
28453
3102
5280
4192
2014
3647
4569
28453
3102
5280
4192
2014
3647
4569
28452
3103
5281
4191
2013
3647
4568
25972
3102
5280
6840
2014
3647
4569
25972
3102
5280
4192
2014
6295
4569
25972
3102
5280
4192
2014
6295
4569
25972
3102
5280
4192
2014
3647
7217
25972
3102
5280
4192
2014
6295
4569
25972
3102
5280
6840
2014
3647
4569
25971
3103
5281
4191
2013
3647
7216
28619
3103
5281
4191
2013
3647
4568
25971
3103
5281
4191
2013
3647
4568
25971
3103
5281
4191
2013
3647
7216
25972
3102
5280
6840
2014
3647
4569
25971
3103
5281
4191
2013
3647
4568
25971
3103
5281
6839
2013
3647
4568
28620
3102
5280
4192
2014
3647
4569
25971
3103
7929
4191
2013
3647
4568
25972
5750
5280
4192
2014
3647
4569
25972
3102
5280
4192
2014
3647
4569
28453
3102
5280
4192
2014
3647
4569
28453
3102
5280
4192
2014
3647
4569
28453
3102
5280
4192
2014
3647
4569
28453
3102
5280
4192
2014
3647
4569
25972
3102
5280
4192
2014
6295
4569
28620
3102
5280
4192
2014
3647
4569
25971
3103
5281
4191
2013
6295
4568
25971
3103
7929
4191
2013
3647
4568
25971
3103
7929
4191
2013
3647
4568
28620
3102
5280
4192
2014
3647
4569
28620
3102
5280
4192
2014
3647
4569
25971
3103
5281
4191
2013
3647
4568
25971
3103
5281
4191
2013
6295
4568
28452
3103
5281
4191
2013
3647
4568
28452
3103
5281
4191
2013
3647
4568
25971
3103
7929
4191
2013
3647
4568
28453
3102
5280
4192
2014
3647
4569
25972
5750
5280
4192
2014
3647
4569
25972
5750
5280
4192
2014
3647
4569
25971
3103
5281
4191
2013
3647
7216
25971
3103
5281
4191
2013
3647
4568
28453
3102
5280
4192
2014
3647
4569
25972
5750
5280
4192
2014
3647
4569
25971
3103
5281
6839
2013
3647
4568
25971
3103
5281
4191
2013
6295
4568
28452
3103
5281
4191
2013
3647
4568
28453
3102
5280
4192
2014
3647
4569
25971
3103
7929
4191
2013
3647
4568
25971
3103
5281
4191
2013
3647
7216
25972
3102
5280
4192
2014
3647
7217
28453
3102
5280
4192
2014
3647
4569
25971
3103
5281
4191
2013
3647
4568
25972
3102
5280
6840
2014
3647
4569
28453
3102
5280
4192
2014
3647
4569
25972
3102
5280
4192
2014
3647
4569
28619
3103
5281
4191
2013
3647
4568
25972
3102
5280
4192
2014
3647
7217
28620
3102
5280
4192
2014
3647
4569
25972
3102
5280
4192
2014
6295
4569
28452
3103
5281
4191
2013
3647
4568
25971
3103
5281
4191
4661
3647
4568
25972
3102
5280
4192
2014
3647
4569
28453
3102
5280
4192
2014
3647
4569
28619
3103
5281
4191
2013
3647
4568
28452
3103
5281
4191
2013
3647
4568
25971
3103
5281
6839
2013
3647
4568
28453
3102
5280
4192
2014
3647
4569
25971
3103
5281
6839
2013
3647
4568
19330
2743
4922
3653
1834
2007
4568
18971
2744
4024
3653
1834
2007
7216
21619
2744
4024
3653
1834
2007
4568
19150
2743
4024
3653
1834
2007
7217
18971
2744
4024
3653
1834
2007
4568
18971
2744
4024
3653
1834
2007
4568
21619
2744
4024
3653
1834
2007
4568
18253
5212
4024
3294
1834
2007
710
18253
2564
4024
3294
1834
2007
710
18971
2743
4024
3653
1834
2007
7217
20901
2564
4024
3294
1834
2007
710
19330
2744
6672
3653
1834
1834
2007
4569
1834
2014
2014
2014
2014
1834
5884
1834
1834
2014
2014
2014
2013
2014
6063
2013
6058
2013
2013
2199
2014
2013
2013
1834
1834
1834
18791
2743
4383
3653
1834
2014
2013
2007
4568
19330
2744
4024
6301
1834
2007
4568
20901
2564
4024
3294
1834
2007
711
19330
2743
4024
3653
1834
2007
4569
21619
2743
4024
3653
1834
2007
4569
21619
2744
4024
3653
1834
2007
4568
18971
2743
4024
3653
1834
2007
4569
18971
2744
4024
3653
1834
2007
7216
18971
2743
4024
3653
1834
2007
4569
18971
2743
4024
3653
1834
2007
7217
19330
5392
4024
3653
1834
2007
4568
18971
2743
4024
3653
4482
2007
4569
19330
5391
4024
3653
1834
2007
4569
19330
2744
4024
3653
1834
2007
7217
21978
2743
4024
3653
1834
2007
4569
21619
2743
4024
3653
1834
2007
4568
18253
2564
4024
3294
1834
2007
711
18971
2744
4024
3653
1834
2007
4569
21619
2744
4024
3653
1834
2007
4568
19150
2743
4024
3653
4482
2007
4569
18971
2743
4024
3653
1834
2007
4569
21619
2744
4024
3653
1834
2007
4568
19151
2744
4024
3653
1834
2007
4568
19151
2744
4024
3653
1834
2007
4568
21798
2743
4024
3653
1834
2007
4569
19510
5392
4024
3653
1834
2007
4568
21619
2744
4024
3653
1834
2007
4568
18792
2744
4024
3653
1834
2007
7216
