513
519
652
518
341
527
533
8491
581
695
527
403
403
403
408
408
408
408
408
408
408
408
408
408
408
408
408
408
631
532
700
322
327
363
1019
1024
656
536
359
531
538
363
1028
586
640
589
1032
368
1037
3238
1041
8394
8181
9482
331
516
331
521
331
518
524
661
554
377
536
542
843
595
704
563
332
336
593
598
523
529
8190
520
372
524
6489
709
6281
10838
323
517
327
521
331
525
336
530
341
535
345
539
349
543
354
548
359
553
363
557
367
561
372
566
377
571
381
575
385
579
390
584
395
589
399
593
403
597
408
602
413
607
417
611
421
615
426
620
431
625
435
629
439
633
444
638
449
643
453
647
457
651
462
656
467
661
471
665
475
669
480
674
485
678
489
683
494
688
498
692
502
696
507
701
511
705
516
710
529
323
648
520
714
525
719
530
724
533
327
653
534
728
539
733
543
737
547
741
552
746
556
750
561
755
537
332
565
760
1046
385
336
644
570
764
575
768
579
773
584
777
588
782
592
787
332
336
602
542
340
658
597
791
345
662
602
795
606
800
611
805
615
809
518
524
547
551
556
560
564
569
573
665
572
395
540
547
848
399
404
599
713
590
350
666
620
800
518
524
547
551
555
560
565
569
574
665
572
395
540
547
848
399
404
599
713
590
345
662
606
800
518
524
547
551
555
560
565
569
574
665
572
395
540
547
848
399
404
599
713
590
350
666
620
800
518
524
546
3199
556
560
564
569
573
665
572
394
541
546
848
399
403
599
713
590
345
662
606
800
518
524
547
551
555
560
565
569
574
665
572
395
540
547
848
399
404
599
713
590
350
666
620
800
518
524
547
551
555
560
565
569
574
665
572
395
540
547
848
399
404
599
713
590
345
662
606
800
518
524
547
3199
555
560
565
569
574
665
572
395
540
547
848
399
404
599
713
590
350
666
620
800
518
524
546
551
556
560
564
569
573
665
572
394
541
546
848
399
403
599
713
590
345
662
606
800
518
524
546
551
556
560
564
569
573
665
572
394
541
546
848
399
403
599
713
590
349
667
619
800
518
524
546
551
556
560
564
569
573
665
572
394
541
546
848
399
403
599
713
590
345
662
606
800
518
524
547
551
555
560
565
569
574
665
572
395
540
547
848
399
404
599
713
590
350
666
620
800
518
524
547
551
555
560
565
569
574
665
572
395
540
547
848
399
404
599
713
590
345
662
606
800
518
524
547
551
555
560
565
569
574
665
572
395
540
547
848
399
404
599
713
590
350
666
620
800
518
524
547
551
555
560
565
569
574
665
572
394
541
546
848
399
403
599
713
590
345
662
606
800
518
524
546
551
556
560
564
569
573
665
572
394
541
546
848
399
403
599
713
590
349
667
619
800
518
524
546
551
556
560
564
569
573
665
572
395
541
546
848
399
404
599
713
590
345
662
606
800
518
524
546
551
556
560
564
569
573
665
572
395
541
546
848
399
404
599
713
590
350
666
620
800
518
524
546
551
556
560
564
569
573
665
572
395
541
546
848
399
404
599
713
590
345
662
606
800
518
524
547
551
555
560
565
569
574
665
572
395
541
546
848
399
404
599
713
590
350
666
620
800
518
524
547
551
3203
560
565
569
574
665
572
395
541
546
848
399
404
599
713
590
345
662
606
800
518
524
546
551
556
560
564
569
573
665
572
394
540
547
848
399
403
599
713
590
349
667
619
800
518
3005
546
551
556
560
564
569
573
665
572
395
541
546
848
399
404
599
713
590
345
662
606
800
518
524
547
551
555
560
565
569
574
665
572
394
540
547
848
399
403
599
713
590
349
667
619
800
518
524
3027
551
556
560
564
569
573
665
572
395
541
546
848
399
404
599
713
590
345
662
606
800
518
524
546
551
556
560
564
569
573
665
572
395
541
546
848
399
404
599
713
590
350
666
620
800
518
524
547
551
555
560
565
569
574
665
572
395
541
546
848
399
404
599
713
590
345
662
606
800
518
524
546
551
556
560
564
569
573
665
572
395
541
546
848
399
404
599
713
590
350
666
620
800
518
524
547
551
555
560
565
569
574
665
572
394
540
547
848
399
403
599
713
590
345
662
606
800
518
524
547
551
555
560
565
569
574
665
572
395
541
546
848
399
404
599
713
590
350
666
620
800
518
524
547
551
555
560
565
569
574
665
572
394
540
547
848
3047
403
599
713
590
345
662
606
800
518
524
547
551
555
560
565
569
574
665
572
395
541
546
848
399
404
599
713
590
350
666
620
800
518
524
546
551
3204
560
564
569
573
665
572
395
541
546
848
399
404
599
713
590
345
662
606
800
518
524
546
551
556
560
564
569
573
665
572
395
541
546
848
399
404
599
713
590
350
666
620
800
518
524
546
551
556
560
564
569
573
665
572
395
541
546
848
399
404
599
713
590
345
662
606
800
518
524
546
551
555
560
565
569
574
665
572
394
540
547
848
399
403
599
713
590
349
667
619
800
518
524
547
551
555
560
565
569
574
665
572
394
540
547
848
399
403
599
713
590
345
662
606
800
518
524
547
551
555
560
565
569
574
665
572
394
540
547
848
399
403
599
713
590
349
667
619
800
518
524
547
551
555
560
565
569
574
665
572
394
540
547
848
399
403
599
713
590
345
662
606
3448
518
524
546
551
556
560
564
569
573
3313
572
395
541
546
848
399
404
599
713
590
350
666
620
800
518
524
547
551
555
560
565
569
574
665
572
394
540
547
848
399
403
599
3361
590
345
662
606
800
518
524
547
551
555
560
565
569
574
665
572
394
540
547
848
399
403
599
713
590
349
667
619
800
518
524
547
551
555
560
565
569
574
665
572
394
540
547
848
399
403
599
713
590
345
662
606
800
2999
524
547
551
555
560
565
569
574
665
572
394
540
547
848
399
403
599
713
590
349
667
619
800
518
524
547
551
555
560
565
569
574
665
572
394
540
547
848
399
403
599
713
590
345
662
606
800
518
524
547
551
555
560
565
569
574
665
572
394
540
547
848
399
403
599
713
590
349
667
619
800
518
524
546
551
556
560
564
569
573
665
572
395
541
546
848
399
404
599
713
590
345
662
606
800
518
524
546
551
556
560
564
569
573
665
572
395
541
546
848
399
404
599
713
590
350
666
620
800
518
524
546
551
556
560
564
569
573
665
572
395
541
546
848
399
404
599
713
590
345
662
606
800
518
524
546
551
556
560
564
569
573
665
572
395
541
546
848
399
404
599
713
590
349
667
619
800
518
524
547
551
555
560
565
569
574
665
572
394
540
547
848
399
403
599
3361
590
345
662
606
800
518
524
546
551
556
560
564
569
573
665
572
395
541
546
848
399
404
599
713
590
349
667
619
800
518
524
546
551
556
560
564
569
573
665
572
394
540
547
848
399
403
599
713
590
345
662
3254
800
518
524
547
551
555
560
565
569
574
665
572
394
540
547
848
399
403
599
713
590
349
667
619
800
518
524
546
551
556
560
564
569
573
665
572
395
541
546
848
399
404
599
713
590
345
662
606
800
518
524
547
551
555
560
565
569
574
665
572
394
540
547
848
399
403
599
713
590
349
667
619
800
518
524
547
551
555
560
565
569
574
665
572
394
540
547
848
399
403
599
713
590
345
662
606
800
518
524
547
551
555
560
565
569
574
665
572
394
540
547
848
399
403
599
713
590
349
667
619
800
518
524
547
551
555
560
565
569
574
665
572
394
540
547
848
399
403
599
713
590
345
3310
606
800
518
524
547
551
555
560
565
569
574
665
572
394
540
547
848
399
403
599
713
590
349
667
619
800
518
524
547
551
555
560
565
569
574
665
572
394
540
547
848
399
403
599
713
590
345
662
606
800
518
524
547
551
555
560
565
569
574
665
572
394
540
547
848
399
403
599
713
590
349
667
619
800
518
524
547
551
555
560
565
569
574
665
572
394
540
547
848
399
403
599
713
590
345
662
606
800
518
524
546
551
556
560
564
569
573
665
572
395
541
546
848
399
404
599
713
590
350
666
620
800
518
524
546
551
556
560
564
569
573
665
572
395
541
546
848
3047
404
599
713
590
345
662
606
800
518
524
546
551
556
560
564
569
573
665
572
394
540
547
848
399
403
599
713
590
349
667
619
800
518
524
547
551
555
560
565
569
574
665
572
394
541
546
848
399
404
599
713
590
345
662
606
800
518
524
547
551
555
560
565
569
574
665
572
394
540
547
848
399
403
599
713
590
349
667
619
800
2999
524
546
551
556
560
564
569
573
665
572
394
540
547
848
399
403
599
713
590
345
662
606
800
518
524
546
551
556
560
564
569
573
3313
572
395
541
546
848
399
404
599
713
590
350
666
620
800
518
524
546
551
556
560
564
569
573
665
572
395
541
546
848
399
404
599
713
590
345
662
606
800
518
524
546
551
556
560
564
569
573
665
572
395
3189
546
848
399
404
599
713
590
350
666
620
800
518
524
546
551
556
560
564
569
573
665
3220
395
541
546
848
399
404
599
713
590
345
662
606
800
518
524
547
551
555
560
565
569
574
665
572
394
540
547
848
399
403
599
713
590
349
667
619
800
518
524
547
551
555
560
565
569
574
665
572
394
540
547
848
399
403
599
713
590
345
662
606
800
518
524
547
551
555
560
565
569
574
665
572
394
3188
547
848
399
403
599
713
590
349
667
619
800
518
524
546
551
556
560
564
569
573
665
572
395
541
546
848
399
404
599
713
590
345
662
606
800
518
524
3027
551
556
560
564
569
573
665
572
395
541
546
848
399
404
599
713
590
350
666
620
800
518
524
547
551
555
560
565
569
574
665
572
394
540
547
848
399
403
599
713
590
345
662
606
800
518
524
547
551
555
560
565
569
574
665
572
394
540
547
848
399
403
599
713
590
349
667
619
800
518
524
546
551
556
560
564
569
573
665
572
395
541
546
848
399
404
3247
713
590
345
662
606
800
518
524
546
551
556
560
564
569
573
665
572
395
541
546
848
399
404
599
713
590
350
666
620
800
518
524
546
551
556
560
564
569
573
665
572
395
541
546
848
399
404
599
713
590
345
662
606
800
518
524
547
551
555
560
565
569
574
665
572
394
540
547
848
399
403
599
713
590
349
667
619
800
518
524
546
551
556
560
564
569
573
665
572
3043
541
546
848
399
404
599
713
590
345
662
606
800
518
524
546
551
556
560
564
569
573
665
572
395
541
546
848
399
404
599
713
590
350
666
620
800
518
524
547
551
555
560
565
569
574
665
572
394
540
547
848
399
403
599
713
590
345
662
606
800
518
524
547
551
555
560
565
569
574
665
572
394
540
547
848
399
403
599
713
590
349
667
619
800
518
524
546
3199
556
560
564
569
573
665
572
395
541
546
848
399
404
599
713
590
345
662
606
800
518
524
547
551
555
560
565
569
574
665
572
395
541
546
848
399
404
599
713
590
349
667
619
800
518
524
547
551
555
560
565
569
574
665
572
394
540
547
848
399
403
599
713
590
345
3310
606
800
518
524
547
551
555
560
565
569
574
665
572
394
540
547
848
399
403
599
713
590
350
666
620
800
518
524
546
551
556
560
564
569
573
665
572
395
541
546
848
399
404
599
713
590
345
662
606
800
518
524
547
551
555
560
565
569
574
665
572
394
540
547
848
399
403
599
713
590
350
666
620
800
518
524
547
551
555
560
565
569
574
665
572
3042
540
547
848
399
403
599
713
590
345
662
606
800
518
524
547
551
555
560
565
569
574
665
572
394
540
547
848
399
403
599
713
590
349
667
619
800
518
524
546
551
556
560
564
569
573
3313
572
395
541
546
848
399
404
599
713
590
345
662
606
800
518
524
546
551
556
560
564
569
573
665
572
395
541
546
848
399
404
599
713
590
350
666
620
800
518
524
547
551
555
560
565
569
3222
665
572
394
540
547
848
399
403
599
713
590
345
662
606
800
518
524
547
551
555
560
565
569
574
665
572
394
540
547
848
399
403
599
713
590
349
667
619
800
518
524
546
551
556
560
564
569
573
665
572
395
541
546
848
399
404
599
713
590
345
662
606
800
518
524
546
551
556
560
564
569
573
665
572
395
541
546
848
399
404
599
713
590
350
666
620
800
518
524
546
551
556
560
564
569
573
665
572
395
541
546
848
399
404
3247
713
590
345
662
606
800
518
524
547
551
555
560
565
569
574
665
572
394
540
547
848
399
403
599
713
590
349
667
619
800
518
524
546
551
556
560
564
569
573
665
572
395
541
546
848
399
404
599
713
590
345
662
606
800
813
818
823
354
624
827
832
836
520
523
841
359
671
629
845
849
331
336
606
854
331
859
863
336
611
332
336
331
336
332
867
336
615
620
331
332
872
336
331
336
876
886
8823
633
519
516
521
526
363
675
638
855
530
399
813
818
823
354
624
827
831
836
519
522
840
358
671
628
845
849
331
336
854
858
863
404
867
872
877
885
633
886
518
363
675
638
855
516
399
814
818
822
354
624
827
832
836
520
523
841
359
671
629
845
850
332
336
854
859
863
403
867
872
876
886
633
885
519
363
676
637
855
517
399
814
818
823
354
624
827
831
836
519
522
3488
358
671
628
845
849
331
336
854
858
863
868
403
872
877
885
519
633
518
517
363
676
637
855
521
399
814
818
823
354
624
827
831
836
519
522
840
358
671
3276
845
849
331
336
854
858
863
404
868
872
877
885
633
886
518
363
675
3286
855
516
399
813
818
822
354
624
827
832
836
520
523
841
359
671
629
845
850
332
336
854
858
331
863
525
336
625
867
331
525
336
872
877
332
526
336
885
331
525
336
412
332
526
336
826
332
526
336
327
327
327
327
331
525
336
327
327
327
327
332
526
336
629
327
412
403
331
336
629
331
518
526
336
331
525
336
332
530
336
332
534
336
332
530
336
331
525
336
331
534
336
332
526
336
332
530
336
331
525
336
332
530
336
332
535
336
331
525
336
332
332
331
525
336
332
526
336
332
526
336
332
526
336
332
8402
525
530
527
533
578
582
587
592
596
600
605
670
595
417
545
551
857
422
426
603
718
612
363
675
516
521
332
526
336
629
526
530
534
539
543
633
539
548
552
359
671
637
855
557
642
562
566
571
575
579
584
588
593
646
842
597
602
607
651
607
656
611
615
660
615
620
399
517
521
525
530
534
633
539
544
367
638
525
548
552
557
642
557
561
566
571
575
372
680
646
575
579
813
818
822
354
624
827
831
836
519
522
840
358
671
628
845
849
331
336
854
859
863
867
633
868
872
877
886
363
675
637
854
519
399
814
818
823
354
624
827
832
836
520
523
841
359
671
629
845
850
332
336
854
332
859
525
336
331
331
863
868
3520
633
872
876
885
518
363
676
637
855
517
399
813
818
822
354
624
827
831
836
519
522
840
358
671
628
845
849
331
336
854
331
858
526
336
863
867
872
633
872
877
886
519
363
675
638
855
516
399
814
818
823
354
624
827
831
836
519
522
840
358
671
628
845
849
331
336
854
332
859
525
336
863
868
3520
877
886
633
881
518
517
521
525
363
676
637
855
530
642
534
539
543
548
553
557
561
566
570
575
647
842
579
584
588
651
589
656
593
597
660
597
602
606
399
814
818
823
354
624
827
831
836
519
522
840
358
671
628
845
849
331
336
854
332
859
525
336
331
530
336
331
535
336
332
530
336
332
526
336
331
534
336
332
526
2984
331
530
336
863
867
872
633
872
876
885
518
363
676
637
855
516
399
813
818
822
354
624
827
832
836
520
523
841
359
671
629
845
850
332
336
854
332
859
525
336
332
863
526
336
332
868
525
336
332
526
336
332
872
877
885
633
886
518
516
521
363
675
638
855
525
399
814
3466
823
354
624
827
831
836
519
522
840
358
671
628
845
849
331
336
854
533
526
530
527
533
578
583
587
592
596
600
605
669
594
417
545
551
857
421
426
604
717
613
858
363
676
633
845
863
868
872
876
886
628
886
518
516
359
671
637
855
521
399
872
877
886
518
517
521
526
367
637
886
530
534
539
642
539
544
548
552
557
372
680
647
557
561
814
818
822
354
624
827
832
836
520
523
841
359
671
3277
845
850
332
336
854
2979
858
526
336
863
331
525
336
868
872
332
526
336
876
886
518
633
519
516
521
526
363
675
638
855
530
399
813
818
823
354
624
827
831
836
519
522
840
358
671
628
845
849
331
336
854
331
858
526
336
413
863
867
332
526
336
826
332
526
336
327
327
872
327
327
876
332
526
336
327
327
327
327
886
518
517
633
516
521
526
530
363
676
637
855
535
399
813
818
823
354
624
827
832
836
520
523
841
359
671
629
845
849
331
336
854
331
858
525
336
331
530
336
332
534
336
863
867
872
633
872
877
886
519
363
675
638
855
516
399
814
818
822
354
624
827
831
836
519
3170
840
358
671
628
845
850
332
336
854
331
858
525
336
633
327
413
403
332
336
633
863
868
872
633
872
876
885
518
363
676
637
855
517
399
813
818
823
354
624
827
832
836
520
523
841
359
671
629
845
849
331
336
854
527
533
578
583
587
592
596
600
605
669
594
417
545
551
857
422
426
603
718
612
363
675
633
845
859
863
867
872
629
872
876
885
359
671
638
854
518
399
863
867
872
367
637
877
885
519
516
642
516
521
526
530
535
372
680
647
535
539
814
818
822
354
624
827
831
836
519
522
840
358
671
628
845
850
332
336
854
859
527
533
578
582
587
591
596
601
605
670
595
417
545
551
857
421
426
604
717
613
863
868
872
876
633
877
885
518
363
676
637
855
517
399
863
868
872
363
633
877
886
518
517
368
675
637
516
521
526
530
535
372
680
642
535
539
403
814
818
822
354
624
827
831
836
519
522
840
358
671
628
845
850
332
336
854
527
533
578
583
587
592
596
600
605
669
594
417
545
551
857
422
426
603
718
612
858
863
868
872
876
633
876
886
519
363
675
638
855
516
399
867
872
876
363
633
885
519
517
521
525
530
367
676
638
530
535
539
543
548
372
680
642
548
552
813
818
823
354
624
827
832
836
520
523
841
359
671
629
845
849
331
336
854
332
859
526
336
863
867
872
633
872
877
886
519
363
675
638
855
516
399
813
818
823
354
624
827
832
836
520
523
841
359
671
629
845
849
331
336
854
858
863
868
633
867
872
876
885
363
676
638
854
518
399
813
818
823
354
624
827
832
836
520
523
841
359
671
629
845
849
331
336
854
327
327
327
859
863
867
633
868
872
877
886
363
675
637
854
519
399
813
818
823
354
624
827
832
836
520
523
841
359
671
629
845
849
331
336
854
859
863
867
633
868
872
877
886
363
675
637
854
519
399
814
818
822
354
624
827
831
836
519
522
840
358
671
628
845
850
332
336
854
331
858
336
863
331
331
336
867
332
332
872
336
332
336
594
595
595
594
594
595
594
594
594
595
594
332
877
336
331
336
594
595
595
594
594
595
594
594
594
595
594
331
336
332
331
332
336
332
336
595
594
594
595
595
595
594
594
594
595
594
331
336
595
594
594
595
595
594
595
595
595
594
595
332
336
332
336
331
886
518
517
633
516
521
526
363
675
638
855
530
399
813
818
3471
354
624
827
832
836
520
523
841
359
671
629
845
849
331
336
854
858
863
868
633
867
872
877
886
363
675
637
854
519
399
814
818
822
354
624
827
831
836
519
522
3488
358
671
628
845
850
332
336
854
858
863
867
872
877
885
633
886
518
516
363
676
637
855
521
399
814
818
822
354
624
827
831
836
519
522
840
358
671
628
845
850
332
336
854
527
533
578
583
587
592
596
600
605
669
594
417
545
551
857
422
426
603
718
612
859
863
867
872
876
886
633
885
519
517
363
675
638
855
521
399
867
872
408
876
886
363
3281
519
517
521
525
367
676
638
526
530
534
539
543
372
680
642
543
548
814
818
822
354
624
827
831
836
519
522
840
358
671
628
845
850
332
336
854
527
533
578
583
587
592
596
600
605
669
594
417
545
551
857
422
426
603
718
612
859
863
867
872
877
633
876
886
519
363
675
638
855
517
399
867
872
524
531
537
610
614
618
623
628
632
636
674
617
440
549
556
8916
444
448
608
722
635
877
363
633
886
518
516
367
676
638
521
526
530
534
539
642
539
544
548
552
372
680
646
553
557
517
521
536
542
641
645
650
655
659
663
668
678
639
462
554
560
844
467
471
612
727
657
526
368
637
530
535
539
372
676
642
544
548
553
557
561
647
561
566
570
575
377
680
651
575
580
539
544
529
548
372
642
553
417
417
557
562
566
570
575
376
676
647
575
579
584
589
381
680
651
588
593
814
818
823
354
624
827
831
836
519
522
840
358
671
628
845
849
331
336
854
527
533
578
582
587
591
596
601
605
670
595
417
545
551
857
422
426
603
718
612
859
863
867
872
877
633
876
886
519
363
675
638
855
517
399
867
872
524
532
538
610
614
618
623
628
632
636
674
617
440
549
556
845
3092
449
608
722
635
876
363
3281
886
518
516
367
676
638
521
525
530
535
539
642
539
543
548
553
372
680
647
552
557
517
521
526
368
638
530
413
412
535
372
676
642
539
544
548
552
557
647
557
561
566
571
377
680
651
571
575
814
818
823
354
624
827
3480
836
520
523
841
359
671
629
845
850
332
336
854
331
858
525
336
331
526
336
331
526
336
863
3516
872
633
872
877
886
519
363
675
638
855
517
399
813
818
822
354
3274
827
832
836
520
523
841
359
671
629
845
850
332
336
854
332
859
526
336
331
526
336
331
526
336
332
525
336
863
3516
872
633
872
877
886
519
363
675
638
855
517
399
814
818
823
354
624
827
832
836
520
523
841
359
671
629
845
850
332
336
854
858
863
868
633
868
872
877
886
363
675
637
854
518
399
813
818
822
354
624
827
831
836
519
522
3488
358
671
628
845
849
331
336
578
363
676
633
854
637
858
642
863
647
3516
583
368
680
651
872
587
587
592
596
877
885
519
655
518
517
521
525
372
685
660
855
530
399
813
818
822
354
624
827
831
3484
519
522
840
358
671
628
845
849
2979
336
854
858
578
582
587
3231
863
867
872
633
872
876
885
363
676
638
854
519
399
814
818
823
354
624
827
832
836
520
523
841
359
671
629
845
850
332
336
854
858
578
583
582
582
863
867
872
633
872
876
885
363
676
638
854
519
399
813
818
822
354
624
827
831
3484
519
522
840
358
671
628
845
849
331
336
854
859
578
863
363
675
633
867
872
637
876
583
587
368
680
642
868
886
518
517
646
517
521
526
372
684
651
855
530
399
814
818
823
354
624
827
832
836
520
523
841
359
671
629
845
850
332
336
854
858
863
867
578
582
587
582
591
404
403
872
363
675
633
876
885
637
518
516
367
680
642
521
372
684
646
525
530
651
534
582
596
587
368
680
642
512
655
521
660
526
539
544
548
664
548
553
557
377
689
669
855
561
399
814
818
823
354
624
827
832
836
520
3171
841
359
671
629
845
850
332
336
854
859
863
868
578
3231
587
583
592
403
404
872
363
676
633
877
886
638
519
517
368
680
642
521
372
685
647
526
530
651
535
583
363
676
633
882
637
512
642
521
646
525
651
535
539
543
548
656
548
552
557
368
680
660
855
561
399
814
818
823
354
624
827
832
836
520
523
841
359
671
629
845
849
331
336
854
858
863
578
527
533
583
587
592
596
600
605
610
614
670
595
417
545
551
857
422
426
603
718
612
867
363
675
633
872
377
684
646
851
408
876
885
519
628
3167
516
521
358
671
638
855
526
399
876
886
518
517
367
680
637
521
525
372
642
530
535
539
408
543
548
552
557
562
566
651
566
571
575
579
381
689
655
580
584
813
818
822
354
624
827
831
836
519
522
840
358
671
628
845
849
331
336
854
859
578
863
868
403
404
403
404
403
404
403
404
872
877
885
633
885
519
363
676
637
855
516
399
814
818
823
354
624
827
832
836
520
523
841
359
671
629
845
850
332
336
854
858
578
363
675
633
863
637
867
642
872
647
877
651
885
656
519
660
516
665
521
525
530
404
403
404
403
404
403
404
403
535
539
543
669
543
548
368
680
673
855
552
399
813
818
822
354
624
827
3479
836
519
522
840
358
671
628
845
849
331
336
854
859
578
863
867
404
403
403
363
675
633
872
404
403
403
404
404
3051
403
877
885
518
638
518
517
368
680
642
855
521
399
814
818
823
354
624
827
832
836
520
523
841
359
671
629
845
850
332
336
854
858
3511
868
578
583
587
583
592
403
404
872
403
404
404
403
404
404
403
403
403
403
403
404
403
404
404
583
596
403
404
403
363
676
633
877
885
403
368
680
638
519
404
372
685
642
517
403
404
403
404
404
404
404
403
404
403
404
403
403
404
404
403
404
403
403
403
403
403
403
404
404
403
404
403
403
404
404
403
403
403
404
403
404
404
404
404
403
404
403
403
403
404
404
403
521
526
530
646
530
534
376
689
651
855
539
399
813
818
822
354
624
827
831
836
519
522
840
358
671
628
845
849
331
336
854
859
578
863
868
872
404
403
403
404
403
404
403
403
403
403
403
403
582
587
404
404
404
363
675
633
876
404
637
885
403
403
404
403
592
404
404
404
403
404
403
404
404
404
403
404
403
404
404
404
404
403
404
403
403
403
519
517
521
642
521
526
368
680
647
855
530
399
813
818
822
354
624
827
831
836
519
522
840
358
671
628
845
849
331
336
854
859
578
863
867
404
403
403
872
876
886
633
886
518
363
675
638
855
517
399
814
818
823
354
624
827
832
836
520
523
841
359
671
629
845
850
332
336
578
854
363
675
633
858
863
637
867
583
587
527
533
582
591
596
600
605
610
614
618
623
669
594
417
545
551
857
422
426
603
718
612
872
877
859
867
886
633
885
519
517
363
675
638
3503
521
399
885
518
517
521
526
530
534
539
3016
642
543
548
3201
557
372
680
646
557
562
566
570
575
377
684
651
575
580
813
818
822
354
624
827
831
836
519
522
840
358
671
628
845
849
331
336
854
858
863
578
583
587
583
592
403
404
867
363
675
633
872
877
638
886
519
368
680
642
517
372
684
646
521
525
651
530
582
582
887
404
404
403
517
521
535
642
534
539
367
680
656
855
543
399
813
818
822
354
624
827
831
836
520
523
840
358
671
628
845
849
331
336
854
859
863
578
583
587
583
592
403
404
867
363
675
633
872
877
638
886
519
368
680
642
517
372
684
646
521
525
651
530
872
404
404
404
403
404
886
517
521
633
521
530
363
676
637
855
534
399
813
818
822
354
624
827
831
836
520
523
840
358
671
628
845
849
331
336
578
854
858
404
863
867
872
877
633
877
885
363
675
637
854
518
399
813
818
822
354
624
827
831
836
519
522
841
359
671
629
845
850
332
336
854
858
863
527
533
578
583
587
592
596
600
605
669
594
417
545
551
857
421
426
604
717
613
868
872
876
633
876
886
519
363
675
638
3503
517
399
868
872
524
527
531
537
609
614
619
623
627
632
637
674
617
439
549
556
845
444
449
608
722
635
877
363
633
885
519
516
539
544
548
552
557
372
675
642
557
562
566
570
376
680
647
570
575
404
521
526
528
530
368
638
535
412
868
872
363
676
633
877
403
886
512
516
539
544
642
544
548
553
557
372
680
646
557
561
814
818
823
354
624
827
832
836
520
523
841
359
671
629
845
850
332
336
854
533
525
530
859
863
867
633
868
872
877
886
363
675
637
854
519
399
813
818
822
354
624
827
831
836
519
522
3488
358
671
628
845
850
332
336
854
858
863
531
525
530
527
533
578
582
587
591
596
601
605
670
595
417
545
551
858
421
426
604
717
613
408
867
872
877
633
877
885
518
363
676
637
855
517
399
867
872
876
363
633
886
519
517
521
526
530
367
676
638
534
408
539
543
548
642
548
552
557
562
372
680
647
561
566
813
818
822
354
624
827
831
836
519
522
840
358
671
628
845
850
332
336
854
531
525
530
527
533
578
582
587
591
596
601
605
670
595
417
545
551
858
421
426
604
3365
613
858
863
403
867
872
877
633
877
885
518
363
676
637
855
516
399
868
872
876
886
363
633
881
519
516
521
367
676
638
521
525
530
535
3187
372
680
642
539
543
813
818
822
354
624
827
831
836
519
522
840
358
671
628
845
850
332
336
854
532
526
530
527
533
578
583
587
592
596
600
605
669
594
417
545
551
858
422
426
603
718
612
859
863
867
872
877
633
877
885
518
363
3324
637
855
517
399
867
872
877
885
363
676
633
519
368
637
882
3165
521
525
530
535
642
535
539
543
548
552
372
680
646
553
557
814
818
823
354
624
827
832
836
520
523
841
359
671
629
845
849
331
336
854
531
525
530
527
533
578
582
587
591
596
601
605
670
595
417
545
551
858
421
426
604
717
613
858
863
868
872
876
633
876
886
519
363
675
638
855
516
399
868
872
876
885
363
633
881
519
516
368
675
637
521
525
530
535
539
642
539
544
548
372
680
646
887
553
813
818
822
354
624
827
831
836
519
522
840
358
671
628
845
850
332
336
854
532
526
530
527
533
578
583
587
592
596
600
605
669
594
417
545
551
858
422
426
603
718
612
859
863
867
872
877
633
877
885
518
363
676
637
855
517
399
867
872
877
886
363
633
881
518
517
521
368
675
637
521
525
530
535
539
372
680
642
539
544
814
818
823
354
624
827
832
836
520
523
841
359
671
629
845
849
331
336
854
531
525
530
527
533
3226
582
587
591
596
601
605
670
595
417
545
551
858
421
426
604
717
613
858
863
867
872
877
633
877
885
518
363
676
637
855
517
399
868
872
876
886
519
363
633
882
517
367
676
637
517
521
372
680
642
525
3024
685
646
530
535
651
539
655
543
548
553
557
660
557
562
566
381
689
665
566
571
813
818
823
354
624
827
832
836
520
523
841
359
671
629
845
849
331
336
854
531
525
530
527
533
578
582
587
591
596
601
605
670
595
417
545
551
858
421
426
604
717
613
858
3511
868
872
876
633
876
886
519
363
675
638
855
516
399
868
872
876
885
363
633
881
519
517
521
368
675
638
521
525
372
680
642
530
376
685
646
534
539
651
544
655
548
553
557
562
660
561
566
381
689
665
887
571
814
818
823
354
624
827
832
836
520
523
841
359
671
629
845
849
331
336
854
859
863
867
872
633
872
637
867
332
877
526
336
70878
1051
1055
1060
1064
886
518
516
521
526
530
534
539
642
544
548
3200
557
561
566
570
575
579
647
842
584
589
593
651
593
404
656
597
602
607
660
607
363
675
665
855
399
813
818
822
354
624
827
831
836
519
522
840
358
671
628
845
850
332
336
854
859
717
332
2984
403
526
680
633
863
413
633
836
341
530
345
404
403
868
412
341
530
345
872
877
885
638
886
519
517
521
363
676
642
855
526
399
814
818
823
354
624
827
832
836
520
523
841
359
671
629
845
849
331
336
854
633
859
637
863
642
867
647
872
651
877
655
885
859
863
867
633
868
872
877
886
363
675
637
854
518
399
814
818
823
354
624
827
832
836
520
523
841
359
671
629
845
849
331
336
854
858
863
404
867
872
876
886
633
885
519
363
3324
637
855
517
399
813
818
822
354
624
827
831
836
519
522
840
358
671
628
845
850
332
336
854
858
863
527
533
578
583
587
592
596
600
605
669
594
417
545
551
858
421
426
604
717
613
408
867
872
877
633
876
886
519
363
675
638
855
516
399
867
872
524
532
408
363
633
877
885
368
675
637
518
516
3169
526
530
535
539
543
642
544
548
553
557
372
680
646
557
562
813
818
822
354
624
827
831
836
519
522
840
358
671
628
845
850
332
336
854
858
863
867
872
877
885
519
633
518
517
521
363
676
637
855
526
399
813
818
822
354
624
827
831
836
519
522
840
358
671
628
845
850
332
336
854
859
863
868
872
633
872
876
885
363
676
638
854
518
399
813
818
822
354
624
827
831
836
519
522
840
358
671
628
845
850
332
336
854
527
533
578
582
587
591
596
601
605
670
595
417
545
551
858
422
426
603
718
612
859
863
867
872
877
633
876
886
519
363
675
638
855
516
399
867
872
524
876
363
633
885
518
517
521
368
675
637
521
525
530
535
539
372
680
642
539
544
814
818
823
354
624
827
832
836
520
523
841
359
671
629
845
849
331
336
854
859
863
527
533
578
582
587
591
596
601
605
670
595
417
545
551
858
422
426
603
718
612
532
538
610
614
619
623
627
632
637
674
617
439
550
555
844
453
457
608
722
644
377
680
647
851
533
412
3060
867
872
877
629
876
886
519
358
671
633
855
516
399
868
872
524
532
412
877
363
633
886
518
548
553
557
561
566
571
575
651
575
579
584
589
381
685
655
588
593
517
521
413
368
638
525
530
372
675
642
534
539
544
867
872
876
887
512
628
512
548
552
557
359
671
633
557
3210
814
818
823
354
624
827
831
836
519
522
840
358
671
628
845
850
332
336
854
859
863
527
533
578
582
587
591
596
601
605
670
595
417
545
551
858
422
426
603
718
612
867
408
872
877
885
633
886
518
516
363
676
637
855
521
399
872
877
524
531
363
633
886
518
368
675
637
516
408
521
525
530
534
539
544
548
642
548
552
557
562
372
680
647
562
566
813
818
822
354
624
827
831
3484
519
522
840
358
671
628
845
850
332
336
854
578
527
533
582
587
591
596
601
363
675
605
609
614
669
594
417
545
551
858
421
426
603
718
612
859
863
867
863
872
877
633
877
885
518
363
676
637
855
517
399
863
868
531
537
619
623
627
632
637
641
646
650
674
617
439
549
556
843
453
458
608
722
644
872
367
633
877
886
518
517
521
525
3178
535
539
543
372
680
642
544
548
553
557
376
685
646
557
561
3166
516
521
525
637
530
535
372
642
539
543
548
553
377
680
647
553
557
562
566
570
381
684
651
571
575
814
818
823
354
624
827
832
836
520
523
841
359
671
629
845
849
331
336
854
578
527
533
583
587
592
596
600
363
676
605
610
614
670
595
417
545
551
858
422
426
603
718
612
858
863
868
863
872
876
633
876
886
519
363
675
638
855
516
399
863
867
872
877
633
885
519
368
637
517
521
525
530
372
680
642
530
535
539
543
548
377
684
647
548
552
813
818
822
354
624
827
831
836
519
522
840
358
671
628
845
850
332
336
854
859
403
863
867
872
633
872
877
886
363
675
637
854
519
399
813
818
822
354
624
827
831
836
519
522
840
358
671
628
845
850
332
336
854
858
404
863
867
872
633
872
877
886
363
675
637
854
519
399
814
818
823
354
624
827
832
836
520
523
841
359
671
629
845
849
331
336
854
858
863
867
404
872
876
886
633
885
3167
363
676
637
855
517
399
813
818
822
354
624
827
831
836
519
522
840
358
671
628
845
850
332
336
854
859
403
863
404
868
872
876
633
877
885
518
363
676
637
855
517
399
813
818
822
354
624
827
831
836
519
522
840
358
671
628
845
850
332
336
854
527
533
578
583
587
592
596
600
605
669
594
417
545
551
858
421
426
604
717
613
859
863
408
867
872
877
633
877
885
518
363
676
637
855
517
399
868
872
876
363
3281
886
408
519
368
675
637
518
516
521
525
530
535
642
534
539
543
548
372
680
647
548
552
814
818
823
354
624
827
832
836
520
523
841
359
671
629
845
849
331
336
854
859
527
533
578
582
587
591
596
601
605
670
595
417
545
551
858
422
426
603
718
612
876
408
408
863
867
872
886
518
633
519
516
521
363
675
638
855
525
399
3511
868
408
872
363
633
885
519
516
368
675
638
878
408
521
408
408
408
526
530
535
539
543
642
544
548
552
557
561
372
680
646
561
566
814
818
823
354
624
827
832
836
520
523
841
359
671
629
845
849
331
336
854
527
533
578
582
587
591
596
601
605
670
595
417
545
551
858
422
426
603
718
612
408
367
676
637
845
877
408
408
886
859
863
867
629
867
877
519
358
671
633
855
517
399
858
363
633
863
868
872
408
408
519
517
521
525
530
642
530
535
539
543
548
372
680
647
548
552
813
818
822
354
624
827
832
836
520
523
841
359
671
629
845
849
331
336
854
859
863
868
872
633
872
876
885
363
676
638
3502
518
399
813
818
822
354
624
827
831
836
519
522
840
358
671
628
845
850
332
336
854
3507
863
404
867
872
876
886
633
885
519
363
676
3285
855
517
399
814
818
823
354
624
827
832
836
520
523
841
359
671
629
845
849
331
336
854
527
533
578
583
587
592
596
600
605
669
594
417
545
551
858
421
426
604
717
613
859
408
863
868
872
876
633
876
886
519
363
675
638
855
516
399
867
363
633
872
877
885
518
517
408
813
818
822
354
624
827
831
836
519
522
840
358
671
628
845
850
332
336
854
858
527
533
578
583
587
592
596
600
605
669
594
417
545
551
858
421
426
604
717
613
863
868
872
876
886
633
885
519
517
363
675
638
855
521
399
867
872
408
408
408
408
408
408
408
408
408
408
408
877
886
519
363
633
882
517
521
525
367
676
638
526
530
534
539
543
372
680
642
543
548
813
818
3470
354
624
827
831
836
519
522
840
358
671
628
845
850
332
336
854
859
527
533
578
583
587
592
596
600
605
669
594
417
545
551
858
421
426
604
717
613
408
877
408
408
863
868
872
885
633
886
518
516
363
676
637
855
521
399
863
867
872
363
633
872
885
518
516
368
675
637
516
521
408
525
530
534
539
544
642
543
548
553
557
562
372
680
647
562
566
813
818
822
354
624
827
831
836
519
522
840
358
671
628
845
850
332
336
854
858
527
533
578
582
587
591
596
601
605
670
595
417
545
551
858
422
426
603
718
612
521
368
675
637
850
408
526
408
408
863
868
872
628
872
877
887
358
671
633
855
512
399
863
867
872
363
633
876
886
519
516
408
408
408
408
408
408
408
408
408
408
408
408
408
408
408
408
408
408
408
408
408
408
408
408
408
408
408
408
408
408
408
408
408
408
408
408
408
408
408
408
408
408
408
408
408
408
408
408
408
408
408
408
408
408
408
530
535
539
543
642
544
548
552
557
561
372
680
646
561
566
814
818
823
354
624
827
832
836
520
523
841
359
671
629
845
849
331
336
854
332
858
336
332
336
331
863
336
868
872
876
633
877
885
518
516
363
676
637
855
521
399
814
818
823
354
624
827
832
836
520
523
841
359
671
629
845
849
331
336
854
858
718
331
336
404
525
680
634
863
412
633
836
340
530
345
403
403
867
412
872
412
877
413
886
412
413
519
516
521
4687
521
525
530
535
363
684
642
855
539
399
813
818
822
354
624
827
831
836
519
522
840
358
671
628
845
850
332
336
854
859
717
332
336
403
526
680
633
863
413
633
836
341
530
345
404
403
867
404
872
404
877
885
519
637
518
517
521
525
363
685
642
855
530
399
3461
818
822
354
624
827
831
836
519
522
840
358
671
628
845
850
332
336
854
859
863
717
332
336
403
526
680
633
867
412
633
836
340
530
345
403
403
527
533
578
583
587
592
596
600
605
669
594
417
545
551
858
422
426
603
722
613
872
647
851
408
408
408
876
886
518
629
518
517
521
363
685
637
855
525
399
877
886
518
363
637
517
521
525
530
535
524
531
539
435
367
685
642
530
340
535
345
435
408
544
548
408
408
553
557
562
566
651
566
570
575
580
372
689
656
580
584
813
818
822
354
624
827
831
836
520
523
840
358
671
628
845
850
854
858
863
868
872
876
885
519
516
521
363
676
633
855
526
530
332
336
634
534
539
637
539
331
336
633
544
2979
548
525
336
638
332
336
331
336
331
336
331
336
332
336
332
336
553
341
642
332
336
643
332
336
643
340
332
336
643
332
336
331
336
642
557
331
336
562
566
399
813
818
822
354
624
827
831
836
519
522
841
359
671
629
845
850
854
858
863
868
872
876
885
519
516
521
363
676
633
855
525
530
331
336
638
535
539
638
539
331
336
638
543
331
548
336
331
336
643
332
336
642
331
552
336
642
331
336
642
332
336
643
332
336
643
331
557
336
642
331
336
643
332
336
643
647
332
336
642
647
331
336
643
647
331
336
643
647
332
336
642
647
332
336
332
336
642
331
336
642
331
336
643
331
336
643
647
332
336
643
647
331
336
642
647
331
336
642
331
336
331
336
332
336
332
336
331
336
562
332
336
566
4620
399
814
818
823
354
624
827
831
836
519
522
840
358
671
628
845
850
332
336
854
331
858
336
332
863
336
332
3516
336
872
876
886
633
3533
519
517
521
363
676
637
855
526
399
813
818
822
354
624
827
832
836
519
522
841
359
671
629
845
849
331
336
854
331
858
336
332
863
336
332
868
336
332
872
336
332
336
332
336
876
886
518
633
519
516
521
525
363
676
637
855
530
399
814
818
823
354
624
827
3479
836
519
522
840
358
671
628
845
850
854
858
863
868
872
876
885
519
517
521
363
676
633
855
526
530
332
336
643
534
539
637
539
331
336
643
543
332
336
647
331
336
647
331
336
643
332
548
336
643
332
336
647
331
336
643
331
336
331
336
651
331
336
332
336
332
336
642
332
336
331
336
553
332
336
557
562
399
814
818
823
354
624
827
831
836
519
522
840
358
671
628
845
850
854
858
863
868
872
876
885
519
516
521
363
676
633
855
526
530
332
336
642
535
539
638
539
332
336
642
544
548
642
842
552
557
561
647
561
566
651
566
331
570
526
336
656
332
336
331
336
341
341
332
336
331
530
336
332
336
340
340
332
336
332
534
336
331
336
331
336
331
336
332
336
331
336
331
336
575
340
332
336
579
584
399
813
818
822
354
624
827
832
836
520
523
841
359
671
629
845
850
854
858
863
868
872
876
885
519
516
521
363
3323
633
855
526
530
332
336
656
535
539
638
539
331
336
656
543
332
336
660
331
336
661
332
336
661
331
336
661
332
336
656
331
548
336
656
332
553
336
656
332
557
336
656
665
331
336
656
665
332
336
656
665
331
336
656
665
332
336
656
665
332
336
656
332
336
661
665
660
332
336
660
665
660
332
336
660
665
661
332
336
660
665
331
336
660
562
332
336
566
570
399
813
818
822
354
624
827
831
836
519
522
840
358
671
628
845
850
854
858
863
868
872
876
885
519
516
521
363
676
633
855
526
530
332
336
660
535
539
638
539
332
336
660
544
548
642
841
553
368
680
647
557
651
561
656
566
660
571
664
575
331
579
525
336
665
669
584
674
589
678
593
683
598
687
602
331
336
665
331
336
606
611
399
814
3466
823
354
624
827
832
836
520
523
841
359
671
629
845
850
854
858
863
868
872
876
885
519
516
363
675
3281
855
521
525
332
336
665
530
535
637
535
331
336
665
539
332
336
543
548
340
670
331
336
669
332
336
670
552
331
336
340
670
332
336
670
557
332
336
561
566
399
814
818
823
354
624
827
831
836
519
522
840
358
671
628
845
850
854
858
863
868
872
876
885
519
516
521
363
675
633
855
525
530
331
336
669
535
539
638
539
332
336
669
544
331
548
525
336
674
332
336
331
336
552
340
679
332
336
679
340
331
336
341
678
331
336
678
341
678
340
331
336
341
679
331
336
679
340
331
336
341
678
332
336
678
341
678
341
678
341
331
336
678
4381
336
678
332
336
678
332
336
679
331
336
679
332
336
340
678
331
336
678
341
331
336
4728
332
336
340
679
331
336
678
341
678
341
678
341
679
340
679
340
679
340
679
340
678
341
678
341
678
341
678
341
679
340
679
340
679
340
678
341
678
341
678
341
678
341
679
340
679
340
679
340
679
340
678
341
678
341
678
341
679
340
679
340
679
340
679
340
678
341
678
341
678
341
678
332
336
679
331
336
341
679
332
336
679
340
332
336
678
332
336
557
562
332
336
566
571
399
813
818
822
354
624
827
832
836
520
523
841
359
671
629
845
850
854
858
863
868
872
876
885
519
516
521
363
676
633
855
525
530
331
336
674
535
539
638
539
331
336
674
543
548
642
841
553
368
680
647
557
651
561
331
566
526
336
679
655
570
660
575
331
336
665
579
331
336
332
336
331
336
584
588
399
813
818
822
354
624
827
832
836
520
523
841
359
671
629
845
850
332
336
854
858
404
863
868
872
876
633
877
885
363
675
637
854
519
399
814
818
823
354
624
827
831
836
519
522
840
358
671
628
845
849
331
336
854
859
403
863
403
867
872
877
633
876
886
363
676
638
854
518
399
813
818
822
354
624
827
832
836
520
523
841
359
671
629
845
850
332
336
854
858
404
863
867
872
877
633
876
886
363
676
638
854
518
399
813
818
822
354
624
827
832
836
520
523
841
359
671
629
845
850
332
336
854
527
533
578
583
587
592
596
600
605
669
594
417
545
551
858
421
426
604
717
613
859
408
863
408
408
867
872
877
633
876
886
519
363
675
638
855
516
399
867
363
633
872
876
367
676
638
886
519
408
516
521
525
530
535
642
534
539
544
548
553
372
680
647
553
557
813
818
822
354
624
827
832
836
520
523
3489
359
671
629
845
850
332
336
527
533
578
583
587
592
596
600
605
669
594
417
545
551
858
421
426
604
717
613
854
408
408
408
859
863
867
633
868
872
877
363
675
637
849
885
399
858
363
633
863
868
368
675
637
872
408
877
886
518
517
521
642
521
525
530
535
539
372
680
646
539
544