8073
1845
1854
17893
1854
1873
1882
1890
1881
1890
1881
1890
1881
1890
1881
1890
1881
1890
1881
1890
1881
1890
1881
1890
4529
1890
1881
1890
1881
1890
1881
1890
1881
1890
1881
1890
1881
1890
1881
1890
1881
1890
1881
1890
1881
1890
1881
1890
1881
1890
1881
1890
1881
1890
1881
1890
1881
1890
1881
1890
1881
1890
1881
1890
4529
1890
1881
1890
1881
1890
1881
1890
1881
1890
1881
1890
1881
1890
1881
1890
1881
1890
1881
1890
1881
1890
1881
1890
4529
1890
1881
1890
1881
1890
1881
1890
4529
1890
1881
1890
1881
1890
1881
1890
1881
1890
1881
1890
1881
1890
1881
18752
1904
1912
20604
1903
1912
17956
1904
1913
17580
1903
1913
17580
1903
1912
20228
1904
1912
1904
20995
1926
21364
1903
1912
18340
1904
1913
17957
1903
1912
17957
1903
1913
17957
1903
1913
17957
1904
1912
17957
1903
1913
1904
20789
1926
17581
1904
1912
17581
1903
1913
20231
1904
1912
20232
1903
1913
17583
1904
1912
1904
17802
1926
17584
1903
1913
17592
1917
1926
20232
1903
1912
17591
1917
1926
17583
1904
1912
17583
1904
1913
17583
1904
1912
17583
1904
1912
17584
4551
1912
17583
1904
1912
17584
1903
1913
20232
1903
1912
17592
1917
1926
17584
1903
1912
18135
1917
1926
21195
1922
1931
18759
1926
1935
19036
4551
1912
17921
1917
1926
17919
1922
1931
18277
1904
1912
18278
1904
1912
18277
1904
1912
18278
1903
1913
1922
1931
21132
1903
1913
21131
1904
1913
21132
1903
1913
1922
1930
21131
1904
1913
1922
1931
1922
1940
21131
1904
1913
1922
1931
1913
1922
18483
1904
1913
1935
1903
1922
21209
1944
18484
1903
1913
18483
1904
1913
1922
18484
1903
1913
1922
18483
1904
1913
1922
1931
1939
18484
1903
1913
1922
18484
1903
1912
21131
1904
1913
1912
21205
1926
1935
18484
1903
1913
1922
1931
1921
18484
1903
1913
1922
1931
1913
18484
1903
1912
18484
1904
1912
18135
1921
1930
17919
1913
1926
21134
1904
1912
17960
1903
1913
18548
1917
1926
20611
1903
1913
20783
1917
1926
20611
1903
4561
1913
18552
1926
20610
1904
1912
20783
4565
1926
17963
1903
1913
18135
1917
1926
17962
1904
1913
18135
1917
1926
4583
1944
17962
1904
1912
18135
1917
1926
1935
1944
17962
1904
1912
17960
1903
1913
17959
1904
1912
17959
1904
4561
17960
1903
1912
17921
1917
1926
20611
1903
1913
17960
1903
1913
17960
1903
1912
17920
1917
1926
17962
1904
1931
1903
20989
1940
20773
1921
1904
21369
1903
1913
17921
1917
1926
17963
1903
1913
1913
20993
1926
1935
17924
1931
1939
17962
1904
4561
1912
18553
1926
1935
20611
1903
1912
20608
1903
1912
17959
1904
1913
17960
1903
1913
17960
1903
1913
17921
1917
1926
17962
1904
1912
17920
1917
1926
17962
1904
1917
1903
17920
1926
20611
1904
1913
17960
1903
1913
17959
1904
1912
17920
17963
1903
1912
18341
1917
1926
17963
1903
1913
18341
1917
1926
20611
1903
1917
1903
17920
1926
17962
1904
1913
17959
1904
1921
20608
1903
1922
17960
1903
1922
18548
1926
1935
17963
1903
1913
17960
1904
1913
18343
1903
1913
18343
1904
1913
18343
1903
1913
21366
1903
1913
18718
1904
4560
21366
1903
1913
1922
18718
1904
1912
18718
1903
1912
21366
1904
1913
4570
18718
1904
1912
21366
1903
1913
18718
1904
1913
18718
1904
4560
20998
1917
1926
18721
1904
1912
18349
1917
1926
