40031
6286
6500
6304
9987
6322
6536
6340
6760
9006
6572
6376
7001
6394
6608
6412
6832
6430
6644
6448
7278
6466
6680
9132
6904
6502
6716
6520
7145
6538
6752
6556
6976
6574
6788
6592
8242
10659
6825
6628
7047
6646
6860
6664
7289
8566
6901
6704
9017
6726
6940
6744
11623
6762
6977
37716
8682
7212
6810
7025
6829
7667
8758
11695
7283
6882
7096
13765
3161
3153
16185
3161
5801
13560
3161
3153
13538
3161
3153
13560
3161
3153
16185
3161
3153
16210
3161
3153
13538
3161
3153
13560
3161
3153
13538
3161
3153
16208
3161
3153
13537
3161
3153
13560
3161
3153
13538
3161
3153
13560
3161
3153
16185
3161
3153
13560
3161
3153
16185
3161
3153
13560
3161
3153
13537
3161
3153
16208
3161
3153
13537
3161
3153
16208
3161
3153
16185
3161
5801
13560
3161
3153
13537
3161
3153
13560
3161
3153
13538
3161
3153
13560
3161
3153
13538
3161
3153
13560
3161
3153
13537
3161
3153
13560
3161
3153
13537
3161
3153
16208
3161
3153
16186
3161
3153
16208
5809
3153
16186
3161
3153
13560
3161
3153
13538
5809
3153
13560
5809
3153
13538
3161
3153
13560
3161
3153
13538
3161
3153
13560
5809
3153
13537
5809
3153
13560
3161
3153
13537
5809
3153
13560
3161
3153
13537
3161
3153
13560
3161
3153
16186
3161
3153
13560
3161
3153
13537
3161
3153
13560
3161
3153
13538
3161
3153
13560
5809
3153
16186
3161
3153
13560
3161
3153
13538
3161
3153
13560
3161
3153
13538
3161
3153
13560
3161
3153
13537
5809
3153
13560
3161
3153
13537
3161
3153
13560
5809
3153
13538
3161
3153
13560
3161
3153
16185
3161
3153
13560
3161
3153
13537
3161
3153
16208
3161
3153
13538
3161
3153
13560
3161
3153
13537
3161
3153
13560
5809
3153
13538
3161
3153
13560
3161
3153
13537
3161
3153
13560
3161
3153
16185
3161
3153
13560
3161
3153
13537
3161
3153
13560
3161
3153
16186
3161
3153
16208
3161
3153
13537
3161
3153
13560
3161
3153
16185
3161
3153
13560
3161
3153
13537
3161
3153
13560
3161
3153
13538
3161
3153
13560
3161
3153
13537
3161
3153
13560
3161
3153
13538
3161
3153
16208
3161
3153
13537
3161
3153
13560
5809
3153
13537
3161
3153
16208
3161
3153
13537
3161
2758
3153
15018
3839
3844
45976
3853
3868
6510
11688
3874
3875
3887
3892
3896
3901
3897
3907
11682
11829
3537
3542
3550
13506
7438
12165
3839
3844
45179
3852
3869
3861
12099
3874
3875
3879
3887
3888
3893
3898
3744
12196
3539
13506
3375
12166
3839
3843
42531
3853
3868
3862
12098
3874
3875
3880
3888
3888
3893
6545
3744
9547
3540
13506
3375
15019
3839
3844
44803
3852
3869
6509
12099
3874
3875
3879
3887
3889
3893
3898
3906
3377
9180
3538
13506
3379
12371
3839
3844
44803
3852
3869
3861
14747
3874
3875
6527
3887
3889
6541
3898
3744
9548
3539
16154
3375
12371
3839
3843
44803
3853
3868
3862
12098
3874
3875
3879
3892
3896
3900
3905
3906
3547
819
810
819
810
819
810
13069
3537
9371
3547
3554
3555
3397
3564
9196
3573
3581
13291
3578
7361
3587
3592
3596
3600
3605
3609
3614
9518
3618
3638
6181
9692
7018
3474
9505
3478
12486
3544
12312
3554
3565
7318
3565
38882
3409
3573
3415
9634
3582
3587
3595
3602
15688
3438
11960
3839
3843
45733
3852
3869
3861
11894
3874
3875
6528
3884
3726
9525
3893
3898
3910
13505
3377
11960
3839
3844
45359
3853
3868
3862
14541
3874
3875
3887
819
810
819
810
819
810
3884
3889
6379
9529
3897
3906
3543
16359
3375
11960
3839
3843
42532
3852
3869
3861
11894
3874
3875
3887
3884
3888
3730
9529
3898
3907
6191
13711
3375
11960
3839
3844
42532
3852
3869
3861
11894
3874
3875
3887
3884
3892
6541
3735
3907
9543
3547
3541
3549
3554
13711
3551
9579
3560
3564
3569
3574
3578
6230
3587
3599
3603
9723
3600
3621
6164
10085
7000
3456
9487
3623
3465
11960
3839
3844
42532
3852
3869
3861
11894
3874
3875
3887
3884
3888
3730
13579
3897
3906
3543
17760
3375
11960
6487
3843
42532
3853
3868
3862
11893
3874
3875
3887
3891
3896
3893
3898
3744
9548
3539
3537
3546
13711
3384
11960
6487
3844
42532
3852
3869
3861
11894
3874
3875
3887
13980
3884
3889
3893
3897
3744
9543
3539
3541
15939
3380
15285
3900
12466
3542
3548
3962
3547
39248
3391
3555
3397
9205
3565
3572
3577
3584
13432
3420
12166
3839
3843
44804
3853
3868
3862
14541
3874
3875
3887
3891
3896
3901
3897
3907
3377
9181
3537
3542
3550
16359
3389
12165
3839
3844
42156
3852
3869
3861
11894
3874
3875
3887
3892
6544
3900
3897
3907
3539
3375
9173
3542
3547
3554
13711
3393
12165
3839
3844
44807
3853
6516
3862
11893
3874
3875
3887
3884
3888
3730
9529
3898
3907
3543
13711
3375
12166
3839
3843
44806
3852
3869
3861
11894
3874
3875
3887
3884
3889
3731
9529
3897
3906
6191
13711
3375
12165
3839
3844
42159
3853
3868
3862
11893
3874
3875
14186
3880
3884
3888
3730
9525
3897
3910
13495
3377
15275
3891
3893
45293
3746
3540
3375
12233
3542
3549
3555
3562
16058
3397
12166
6487
3843
42158
3852
3869
3861
11894
3874
3875
3880
3884
3161
3889
3893
3735
9534
6554
3543
13506
3375
15481
3891
3893
45078
3747
3539
3375
16516
3542
3549
3555
3562
15643
3397
12166
3839
3843
44806
3852
3869
3861
11894
3874
3875
3879
3884
3889
3893
6383
9936
3907
3543
13506
3375
12838
3895
3900
42439
3551
3538
3382
3546
3388
16530
3556
3563
3568
3575
15656
3411
12165
3839
3844
44807
3853
6516
3862
11893
3874
3875
3887
812
3884
3888
3730
9529
3898
3907
3543
16359
3375
12165
3839
6492
42159
6501
3868
3862
11893
6522
3875
815
847
806
3879
3884
3726
9524
3893
3897
3910
13709
3377
12165
3839
3844
42159
3853
3868
3862
11893
3874
3875
3880
3884
3726
12173
3893
3898
3910
13710
3377
12165
3839
3844
42159
3853
3868
3862
11893
3874
3875
815
847
806
3880
3884
3726
9525
3893
3898
3910
13710
3377
14814
3839
3843
44806
3852
3869
3861
14542
3874
3875
3887
3884
3888
3900
3905
3907
3539
3375
9173
7592
3550
13711
3389
12165
3839
6492
42159
6501
3868
3862
11893
6522
3875
3879
3884
3726
9524
3893
3898
3910
13710
3377
14814
3839
3843
44806
3852
3869
6509
11894
3874
3875
3879
3884
3888
3893
3898
3744
9548
3539
3541
16359
3379
12166
3839
3843
44806
3852
3869
3861
11894
3874
3875
3880
3884
3888
3161
6541
3897
3744
9547
3540
3541
13506
3380
12838
3895
3909
3907
44720
3378
3542
3384
16526
3551
3558
3563
3570
15652
3407
12166
3839
6491
42158
6500
3869
3861
11894
3874
3875
3880
3884
3161
3888
3893
3735
9533
3907
3543
15949
3375
15486
3895
3900
45426
3542
3537
11387
3547
3391
3555
3397
9205
3565
3572
3579
13018
3415
13104
3547
3552
45486
3561
3560
11418
3569
3414
6226
3420
9232
3587
3595
3602
13049
3438
14547
3572
3577
45931
3589
3583
6075
3591
3433
13740
3600
6257
3616
13272
3452
11960
3839
3844
46054
3852
3869
3861
14336
3874
3875
3880
3884
3161
3888
3893
3735
9533
3907
6191
13301
3375
12222
3896
3900
45211
3542
3537
11387
3546
3391
6204
3398
9205
3564
3573
3580
13017
3416
12284
6195
3552
44858
3556
11619
3565
3409
3573
3415
9228
3582
6239
3598
13455
3433
11960
3839
6492
42648
6501
3868
3862
11688
6522
3875
3887
3884
6537
3731
9734
3898
3907
3543
13301
3375
14608
3839
3843
45298
3853
3868
3862
11688
3874
6523
3887
3884
6537
3731
9734
3898
3907
3543
13301
3375
11960
6487
3844
45296
3853
3868
3862
14336
3874
3882
821
821
3879
3884
3726
12378
3893
3898
3910
13299
3377
14608
3839
3843
45295
3852
3869
6509
11688
3874
9107
6963
7178
9629
12074
3898
3906
3377
12056
3538
3542
3550
13341
3388
11960
3839
3843
45706
3852
6517
3861
11688
3874
3875
3879
3884
3888
3730
9940
3897
3910
13299
3377
11960
3839
3844
45707
3853
3868
3862
11688
3874
3875
3879
3884
3888
3730
9940
3897
3910
13299
3377
11960
3839
3843
45706
3852
6517
3861
11688
3874
3875
3880
3891
11974
3900
6981
11787
3907
3539
3375
9187
3542
3550
13743
3388
11960
3839
3844
45707
3853
3868
3862
11688
3874
3875
3879
3884
3888
829
831
3900
9335
3914
9271
3545
8797
8613
3558
9719
8582
6647
6862
3560
3565
3407
11884
3574
3581
13769
3420
11960
3839
3844
45502
3853
3868
3862
11688
3874
3875
3880
3884
3889
829
830
3901
9335
3914
6623
3545
8796
8613
3559
7071
9340
6616
6835
6638
9711
3560
3564
3406
9228
3573
3581
13537
3420
11960
3839
3844
45707
3853
3868
3862
14338
3874
3875
6527
3884
3896
9506
14027
3902
3906
3377
11824
3537
3546
13292
3384
12642
6557
3542
3548
9169
3549
45509
3567
3567
3567
3572
3161
3573
3418
3583
3425
9446
3592
6247
3606
13072
3442
14608
3839
3843
45706
3852
3869
3861
14336
3874
3875
3880
3888
3889
819
819
819
819
819
819
819
819
3893
3898
3744
12606
3540
13300
3375
11960
3839
3844
43059
6501
3868
3862
11688
3874
3875
3879
9321
6971
7186
6990
7413
6641
6848
6652
3550
3551
820
820
820
820
820
820
820
820
3556
3560
3402
9647
3569
13345
3411
11960
3839
6491
43058
6500
3869
3861
11688
3874
3875
3880
6532
3892
819
819
819
9331
821
820
820
821
819
819
819
3898
3906
3377
9185
3538
13519
3379
11960
3839
3844
43059
3853
3868
3862
11688
3874
3875
3879
6532
3889
829
830
3896
819
819
819
819
819
819
823
823
823
827
827
827
827
827
827
819
819
819
9339
3906
825
8588
4878
8809
833
835
835
835
819
819
819
824
825
828
829
833
835
835
835
819
819
819
824
825
828
829
835
835
835
819
819
819
825
829
835
835
835
819
819
819
823
823
823
827
827
827
831
831
831
835
835
835
3542
3547
3389
13250
3555
13752
3397
11960
3839
3843
45706
3852
3869
3861
14336
3874
3875
6528
3884
3892
3893
819
819
819
819
819
819
819
819
819
819
819
819
819
819
819
13388
825
6993
825
827
827
827
819
819
819
824
825
829
831
831
831
819
819
819
823
823
823
827
827
827
831
831
831
3540
3538
3380
9392
3547
17368
3388
11960
3839
3843
43058
3852
3869
3861
11688
3874
3875
3880
3884
3892
819
819
819
3893
3897
3744
12606
3539
13301
3375
11960
3839
3844
45707
3853
3868
3862
11688
3874
3882
9317
3891
9620
3893
3898
3880
3888
3744
10155
3540
3541
15949
3379
12240
3542
6188
3561
3557
3575
3565
3560
45522
3409
6222
3416
13721
3583
3590
6243
3602
13259
3438
14608
3839
3843
45706
3852
3869
3861
11688
3874
3875
3879
3884
829
830
3896
9331
3905
6990
3547
8792
8609
3554
7067
3911
826
826
827
3538
7591
3393
9200
3560
13328
3402
11960
3839
6491
43058
6500
3869
3861
11688
6522
3875
3880
3884
829
830
3896
9331
3905
6990
3547
8792
8609
3554
7067
3896
820
820
820
820
820
3907
3538
7429
9589
3551
13300
3393
11960
3839
3843
45706
3852
3869
3861
14336
3874
6523
3883
820
3884
6536
3893
3735
9944
3906
15947
3377
11960
3839
3843
43058
3852
3869
3862
11688
3874
3875
3879
3884
3161
3889
3893
3735
9739
3907
3543
15949
3375
12427
3895
3900
45425
3551
3540
3563
3565
3409
3573
3415
13918
3583
3590
3597
13040
3434
12494
3552
3556
45068
3891
3895
11733
6558
3533
3377
3560
3402
9415
3569
3577
3584
13022
3420
11960
3839
3844
45710
3853
3868
3862
11688
3874
3875
3880
3884
3726
9525
3893
3898
3910
16153
3377
14608
3839
3843
44977
3852
3869
6509
12099
3874
3875
3879
3884
3888
3893
3735
12584
3906
3543
13506
3375
14870
3896
3900
45834
3542
3378
3544
3549
3554
11400
3560
3564
3406
9420
3573
3582
3589
13026
3425
11960
3839
3843
44980
3852
3869
3861
12099
3874
3875
3879
3884
3161
3888
3893
3735
9739
3906
3543
13300
3375
12222
3895
12663
3907
39437
3380
3537
6027
13668
3546
3553
3559
6214
13205
3402
11960
3839
3843
44980
3852
3869
3861
12099
3874
3875
3880
3884
3888
3893
3735
9936
3906
3543
16154
3375
14870
3896
12662
3909
14023
36800
6186
3542
3386
3551
3393
12054
3560
3567
3572
3579
15666
3415
11960
3839
3844
44981
3853
3868
3862
12098
3874
3875
3879
3884
3889
3893
3735
9936
3907
3543
16154
3375
12222
3895
12663
3912
39436
3542
3540
14034
3546
3391
6204
3398
9410
3565
3572
16005
3411
11960
3839
3843
42332
3852
3869
3861
12099
3874
3875
3880
3884
3888
3893
3735
9936
3906
3543
13506
3375
12222
3896
15306
3907
39026
3379
3538
3380
16726
3546
3553
3559
3566
15648
3402
11960
3839
3844
42333
3853
3868
3862
12098
3874
3875
3879
3884
3888
3893
3735
9936
3906
3543
13506
3375
12222
3895
12663
3909
3540
36790
6026
13666
3542
10226
16959
3558
6933
7155
3573
3574
7465
9241
3583
3593
13477
3429
11960
3839
3844
42333
3853
3868
3862
12098
3874
3875
3879
6532
3889
3893
3735
9936
3907
3543
16154
3375
12222
3895
12663
3912
36788
3542
3538
3382
13670
3546
10230
14315
3563
6938
7160
3577
3578
3420
9245
6235
13804
3429
11960
3839
3844
42333
3853
3868
3862
12098
3874
3875
3880
6539
3726
3731
9529
9734
3905
3910
3539
3537
3549
3550
3559
3555
3560
6941
3569
6229
3578
3582
3587
3591
3596
3600
10338
3605
3625
6168
13933
7004
3623
3465
9701
17377
11960
3839
3843
42329
6500
3869
3861
12099
3874
3875
3880
3884
9493
3896
3893
3898
3744
9758
3540
3538
3545
13305
3384
11960
3839
3844
44978
3853
3868
6510
12098
3874
3875
10459
7151
7980
7169
7384
7191
3880
3884
3726
9525
3893
3898
3910
13299
3377
11960
3839
3844
42330
3853
3868
3862
12098
3874
3875
3879
3888
821
3888
3893
3897
3744
9547
3540
16154
3375
11960
3839
3843
44977
3852
3869
3861
14747
3874
3875
3879
3884
3161
3888
3893
3735
9533
3907
3543
14121
6023
13043
3895
45407
3909
11794
3540
6192
3549
3551
3396
3560
3402
9210
3569
3577
3584
13228
3420
11960
3839
3843
44980
3852
3869
3861
12099
3874
3875
3879
3892
3896
829
3901
3898
3906
3377
11828
3538
3545
13506
3384
11960
3839
3843
44977
3852
3869
6509
12099
3874
3875
3880
3884
3889
3731
12177
3897
3910
13504
3377
11960
3839
3843
44977
3852
3869
6509
12099
3874
3875
3880
3884
3161
3888
3893
3735
9533
3907
3543
14121
6023
13043
3895
3897
42768
3379
3538
3380
14078
3546
3553
3559
3566
13000
3402
11960
3839
3844
44981
3853
3868
3862
14746
3874
3875
3880
3884
14433
3888
3893
6385
9529
3907
3543
13287
3375
15075
3895
3900
45631
3542
3574
3994
3580
3582
3427
3592
3434
9250
3600
6257
3616
13281
3452
12694
3547
45265
3554
11409
3565
3570
3891
3893
3737
3908
3371
11812
3569
3577
3584
12986
6068
11960
3839
3844
45739
3852
3869
3861
11894
3874
3875
3880
3884
3888
3161
3893
3898
3744
9548
3539
3541
13300
3380
12432
3900
45211
3542
11792
3545
3549
3553
3555
3400
3565
3407
9214
3573
3582
3589
15880
3424
11960
3839
3843
44980
3852
6517
3861
12099
3874
3875
3880
3724
3896
6532
3893
3735
9936
3906
3543
13506
3375
12628
6539
3896
45631
3909
3542
3378
3550
3554
6199
3396
3560
3402
13704
6217
3577
3584
13031
3420
15138
3542
3544
3554
6840
3556
42437
3404
3569
3411
14132
3578
6236
3590
3597
13054
3433
14608
3839
3844
44981
3853
3868
3862
12098
3874
6523
3879
3724
3896
3884
3893
3735
9936
3907
3543
13711
3375
12628
3891
3896
3905
6985
3540
45482
3382
3546
3388
13690
3556
3563
3568
3575
13227
3411
11960
3839
3843
44980
3852
3869
3861
12099
3874
3875
3880
3884
6536
3730
9529
3898
3910
16153
3377
11960
3839
3843
44977
3852
3869
3861
12099
3874
3875
3879
3884
3888
3730
9529
3898
3910
13505
3377
14608
3839
3844
44978
3853
3868
3862
12098
3874
3875
3879
3888
3888
3893
3897
3744
9547
6188
13506
3375
14608
3839
3843
44977
3852
3869
3861
12099
3874
6523
3880
3884
3889
3893
3735
9534
3906
3543
13506
3375
11960
3839
6491
42329
3852
3869
3861
12099
6522
3875
3880
3884
3888
3893
3735
9936
3906
3543
13711
3375
15280
3896
3900
45416
3551
14080
3540
3542
3386
3551
3393
9200
3560
6216
3575
13218
3411
11960
6487
3844
44981
3853
3868
3862
14746
3874
3875
6528
3897
3161
3884
3888
3893
3907
3377
9181
3537
3546
13711
3384
15276
3891
3905
45416
3540
3537
14440
3544
3549
3551
3396
3560
3402
9210
3569
6224
3581
3588
13232
3425
11960
3839
3844
44981
3853
3868
3862
14746
3874
3875
17048
3898
3907
3880
3884
3726
12168
3898
3543
13493
3375
15272
42746
3891
3905
3161
3542
3538
3382
3546
3388
9196
3556
3563
3568
3575
13218
3411
11960
3839
3843
45233
3853
3868
3862
12098
3874
3875
3880
3884
3889
3731
9529
3897
3910
16152
3377
11960
3839
3843
44977
3852
3869
3861
14747
3874
3875
6528
3887
815
3888
6541
3897
3744
9547
3540
16154
3375
11960
3839
3844
42330
3853
3868
3862
12098
3874
3875
3880
3884
3889
3893
3735
9936
3907
3543
13711
3375
12633
45403
3900
3909
3551
3540
11960
3839
3843
42332
3852
3869
3861
12099
3874
3875
3879
3884
3889
3161
3893
3897
3744
9547
3540
3541
16359
3380
15281
3895
12457
6557
3540
36586
3378
3542
3384
14083
3551
6206
3563
3570
13004
3407
11960
3839
6491
42332
6500
3869
3861
12099
6522
3875
3880
6546
3884
3161
3889
3893
3744
9548
3539
3541
13711
3379
12628
3891
12453
36570
3906
3542
3549
14073
3545
3549
3551
3395
3560
3402
9209
3569
3576
3582
3589
13232
3424
11960
3839
3843
44980
3852
3869
3861
12099
3874
3875
3879
3542
14410
3547
3884
3889
3731
9524
3898
3911
13493
3370
12628
3891
3895
42759
3909
3380
3549
3161
3554
3556
6208
3402
9210
3569
3576
3581
3588
13232
3425
11960
3839
3844
44981
3853
3868
3862
14746
3874
3875
6535
812
3891
3889
3893
3735
9534
3906
3539
3541
16154
3379
11960
3839
3844
42330
3853
3868
3862
12098
3874
3875
3879
3884
9493
3896
3900
3905
3914
3540
3537
3379
13438
3546
3551
3559
13314
3397
11960
3839
3843
44977
3852
3869
3861
12099
3874
3875
3880
3884
9493
3896
3900
3898
3906
3377
9390
3538
3542
3550
13314
3388
14608
3839
3843
44977
3852
3869
3861
12099
3874
3875
3880
3884
3888
9493
3900
10132
3897
3907
3377
11824
3538
3545
13309
3384
14879
3909
3542
45474
3544
3549
3562
3558
3562
13690
3567
3587
3576
3578
3583
3425
9241
3591
3600
3607
13883
3442
11960
3839
3843
44980
3852
3869
3861
12099
3874
3875
3883
3884
3889
3897
3905
3914
3540
3545
3542
13296
3547
3551
3555
3398
9406
3565
3577
3581
3578
3583
3424
11960
3839
3843
42329
3852
3869
3862
11688
3874
3875
3883
3884
3889
3897
6553
3914
3540
3545
3542
13501
3546
3551
3556
3397
9201
3564
3577
3581
3585
3583
3587
7479
11960
3839
3844
45361
3852
3869
3861
14542
3874
3875
3887
3891
6544
3893
3897
3744
12195
3540
3538
3545
13506
6032
11960
3839
3843
45361
3853
3868
3862
11893
3874
3875
3887
3891
3896
3900
3897
3907
3377
9181
3537
3542
3550
13506
3388
11960
3839
6492
42713
6500
3869
3861
11894
6522
3875
3883
3884
3889
3897
3905
3914
3540
3545
3542
15944
3547
3551
3555
3398
9406
3564
3576
3574
3578
3420
11960
3839
3844
45736
3852
3869
3861
11894
3874
3875
6531
3884
3889
3897
3905
3914
6188
3545
3542
13296
3547
6199
3556
3397
9406
3565
3569
9513
3573
3594
6547
9642
3432
9454
3599
3604
3600
3443
11960
3839
3843
43088
3853
3868
3862
11688
3874
3875
3883
3884
3889
6545
3905
3914
3540
3545
3542
16150
3547
3551
3556
3397
9201
3564
3577
3581
3585
3583
3587
3429
11960
3839
3843
45530
3852
3869
3861
11894
3874
3875
3883
3884
3889
3897
3905
3914
3540
3545
3542
13296
3547
3551
3556
6045
9406
6213
3569
9513
3574
10257
10589
6872
7087
6890
3608
7109
10962
7127
6931
7246
3627
3470
11960
6487
3844
45531
3853
3868
3862
14336
3874
3875
3883
3884
3889
3897
3905
3914
3540
3537
16150
3542
3546
3551
3393
9196
3560
3572
3577
3581
3578
3582
3425
11960
3839
6492
42677
6500
3869
3861
11894
3874
3875
3883
3884
3889
3897
3905
3914
3540
3545
3542
15944
3546
3551
3556
3397
9406
3565
3577
3581
7627
3583
3587
3429
11960
3839
3843
45325
3853
6516
3862
11688
3874
3875
3883
3884
3889
3897
3905
3914
3540
3545
3542
13501
3546
3551
3556
3397
9201
3564
3569
9718
3574
12700
10180
3595
11131
7706
6995
3605
3447
11960
3839
3843
45325
3853
3868
6510
11688
3874
3875
3883
813
3884
3889
3893
3735
9534
3906
13505
3377
11960
3839
3844
45325
3852
3869
3861
11688
3874
3875
3883
808
6532
809
3888
3893
3735
9533
3907
13504
6025
11960
3839
3843
45325
3853
3868
3862
14336
3874
3875
3883
800
3884
3888
6541
3735
9533
3907
13504
3377
11960
3839
3843
45325
3853
6516
3862
11688
3874
3875
3880
3884
3161
3888
3893
3735
9533
3907
3543
16154
3375
15076
45626
3900
14605
3542
3540
3542
3386
3551
6041
9200
3560
3567
3573
3580
13633
3415
14608
3839
3843
45328
3853
3868
6510
11688
3874
3875
3161
3880
3884
3726
9525
3893
3901
19309
3744
12419
42970
3891
11943
3900
3907
3379
3538
3380
9187
3546
3553
3559
3566
13620
3402
